 ---------------------------------------------------------------
 Surface and Strip Forces by surface

  Forces referred to Sref, Cref, Bref about Xref, Yref, Zref
 Standard axis orientation,  X fwd, Z down         

  Surface # 1     Wing                                    
     # Chordwise = 12   # Spanwise = 50     First strip =  1
     Surface area =  264.948608       Ave. chord =    5.145000
     CLsurf  =   0.22456     Clsurf  =  -0.04601
     CYsurf  =  -0.00759     Cmsurf  =  -1.34734
     CDsurf  =   0.00253     Cnsurf  =   0.00264
     CDisurf =   0.00253     CDvsurf =   0.00000

  Forces referred to Ssurf, Cave about hinge axis thru LE
     CLsurf  =   0.44920     CDsurf  =   0.00505
     Deflect =

 Strip Forces referred to Strip Area, Chord
    j      Yle    Chord     Area     c cl      ai      cl_norm  cl       cd       cdv    cm_c/4    cm_LE  C.P.x/c
     1   0.5146   7.3059   7.5245   3.2612   0.0199   0.4463   0.4463   0.0085   0.0000  -0.1306  -0.2421    0.543
     2   1.5440   7.2177   7.4337   3.2522   0.0184   0.4506   0.4506   0.0086   0.0000  -0.1312  -0.2438    0.541
     3   2.5733   7.1295   7.3429   3.2476   0.0188   0.4555   0.4555   0.0081   0.0000  -0.1315  -0.2453    0.539
     4   3.6026   7.0413   7.2520   3.2442   0.0196   0.4607   0.4607   0.0078   0.0000  -0.1316  -0.2468    0.536
     5   4.6319   6.9531   7.1612   3.2375   0.0205   0.4656   0.4656   0.0076   0.0000  -0.1319  -0.2483    0.533
     6   5.6611   6.8649   7.0703   3.2263   0.0210   0.4699   0.4699   0.0070   0.0000  -0.1323  -0.2498    0.532
     7   6.6904   6.7767   6.9795   3.2079   0.0211   0.4734   0.4734   0.0072   0.0000  -0.1329  -0.2512    0.531
     8   7.7197   6.6885   6.8887   3.1824   0.0207   0.4758   0.4758   0.0071   0.0000  -0.1337  -0.2526    0.531
     9   8.7491   6.6003   6.7978   3.1495   0.0197   0.4772   0.4772   0.0071   0.0000  -0.1349  -0.2541    0.533
    10   9.7783   6.5121   6.7070   3.1090   0.0182   0.4774   0.4774   0.0073   0.0000  -0.1368  -0.2561    0.536
    11  10.8076   6.4239   6.6161   3.0616   0.0160   0.4766   0.4766   0.0082   0.0000  -0.1400  -0.2591    0.544
    12  11.8370   6.3357   6.5253   3.0069   0.0134   0.4746   0.4746   0.0096   0.0000  -0.1451  -0.2637    0.556
    13  12.8663   6.2475   6.4345   2.9490   0.0114   0.4720   0.4720   0.0111   0.0000  -0.1504  -0.2684    0.569
    14  13.8956   6.1593   6.3436   2.9183   0.0110   0.4738   0.4738   0.0100   0.0000  -0.1479  -0.2663    0.562
    15  14.9248   6.0711   6.2528   2.8984   0.0122   0.4774   0.4774   0.0079   0.0000  -0.1424  -0.2617    0.548
    16  15.9542   5.9829   6.1619   2.8756   0.0138   0.4806   0.4806   0.0065   0.0000  -0.1388  -0.2589    0.539
    17  16.9834   5.8947   6.0711   2.8490   0.0150   0.4833   0.4833   0.0059   0.0000  -0.1368  -0.2576    0.533
    18  18.0128   5.8065   5.9803   2.8176   0.0155   0.4852   0.4852   0.0051   0.0000  -0.1359  -0.2571    0.530
    19  19.0420   5.7183   5.8894   2.7813   0.0155   0.4864   0.4864   0.0048   0.0000  -0.1354  -0.2569    0.528
    20  20.0714   5.6301   5.7986   2.7407   0.0151   0.4868   0.4868   0.0044   0.0000  -0.1351  -0.2567    0.528
    21  21.1006   5.5419   5.7077   2.6963   0.0145   0.4865   0.4865   0.0042   0.0000  -0.1349  -0.2565    0.527
    22  22.1300   5.4537   5.6169   2.6483   0.0136   0.4856   0.4856   0.0039   0.0000  -0.1348  -0.2561    0.528
    23  23.1592   5.3655   5.5261   2.5974   0.0126   0.4841   0.4841   0.0037   0.0000  -0.1346  -0.2556    0.528
    24  24.1886   5.2773   5.4352   2.5443   0.0115   0.4821   0.4821   0.0036   0.0000  -0.1346  -0.2551    0.529
    25  25.2178   5.1891   5.3444   2.4898   0.0106   0.4798   0.4798   0.0034   0.0000  -0.1346  -0.2545    0.531
    26  26.2472   5.1009   5.2536   2.4363   0.0103   0.4776   0.4776   0.0032   0.0000  -0.1346  -0.2540    0.532
    27  27.2764   5.0127   5.1627   2.3835   0.0105   0.4755   0.4755   0.0030   0.0000  -0.1347  -0.2535    0.533
    28  28.3058   4.9245   5.0719   2.3296   0.0108   0.4731   0.4731   0.0029   0.0000  -0.1347  -0.2529    0.535
    29  29.3350   4.8363   4.9810   2.2736   0.0108   0.4701   0.4701   0.0027   0.0000  -0.1348  -0.2523    0.537
    30  30.3643   4.7481   4.8902   2.2158   0.0107   0.4667   0.4667   0.0027   0.0000  -0.1348  -0.2514    0.539
    31  31.3937   4.6599   4.7994   2.1562   0.0105   0.4627   0.4627   0.0025   0.0000  -0.1348  -0.2505    0.541
    32  32.4230   4.5717   4.7085   2.0952   0.0102   0.4583   0.4583   0.0024   0.0000  -0.1348  -0.2493    0.544
    33  33.4523   4.4835   4.6177   2.0331   0.0099   0.4535   0.4535   0.0023   0.0000  -0.1347  -0.2480    0.547
    34  34.4815   4.3953   4.5268   1.9702   0.0095   0.4483   0.4483   0.0020   0.0000  -0.1346  -0.2466    0.550
    35  35.5108   4.3071   4.4360   1.9064   0.0092   0.4426   0.4426   0.0019   0.0000  -0.1345  -0.2451    0.554
    36  36.5401   4.2189   4.3452   1.8415   0.0089   0.4365   0.4365   0.0019   0.0000  -0.1344  -0.2434    0.558
    37  37.5695   4.1307   4.2543   1.7761   0.0086   0.4300   0.4300   0.0019   0.0000  -0.1342  -0.2417    0.562
    38  38.5987   4.0425   4.1635   1.7101   0.0083   0.4230   0.4230   0.0016   0.0000  -0.1341  -0.2398    0.567
    39  39.6280   3.9543   4.0726   1.6427   0.0081   0.4154   0.4154   0.0017   0.0000  -0.1340  -0.2378    0.572
    40  40.6574   3.8661   3.9818   1.5746   0.0080   0.4073   0.4073   0.0016   0.0000  -0.1338  -0.2356    0.579
    41  41.6866   3.7779   3.8910   1.5051   0.0080   0.3984   0.3984   0.0014   0.0000  -0.1336  -0.2332    0.585
    42  42.7160   3.6897   3.8001   1.4344   0.0081   0.3887   0.3887   0.0017   0.0000  -0.1335  -0.2306    0.593
    43  43.7453   3.6015   3.7093   1.3610   0.0083   0.3779   0.3779   0.0016   0.0000  -0.1333  -0.2277    0.603
    44  44.7746   3.5133   3.6184   1.2856   0.0088   0.3659   0.3659   0.0019   0.0000  -0.1330  -0.2244    0.613
    45  45.8038   3.4251   3.5276   1.2061   0.0095   0.3521   0.3521   0.0019   0.0000  -0.1326  -0.2206    0.627
    46  46.8331   3.3369   3.4368   1.1207   0.0107   0.3358   0.3358   0.0016   0.0000  -0.1319  -0.2158    0.643
    47  47.8624   3.2487   3.3459   1.0278   0.0128   0.3164   0.3164   0.0023   0.0000  -0.1308  -0.2098    0.663
    48  48.8918   3.1605   3.2551   0.9200   0.0162   0.2911   0.2911   0.0022   0.0000  -0.1283  -0.2011    0.691
    49  49.9211   3.0723   3.1642   0.7844   0.0227   0.2553   0.2553   0.0025   0.0000  -0.1224  -0.1862    0.729
    50  50.9504   2.9841   3.0734   0.5765   0.0362   0.1932   0.1932   0.0024   0.0000  -0.1037  -0.1520    0.787

  Surface # 2     Wing (YDUP)                             
     # Chordwise = 12   # Spanwise = 50     First strip = 51
     Surface area =  264.948608       Ave. chord =    5.145000
     CLsurf  =   0.22456     Clsurf  =   0.04601
     CYsurf  =   0.00759     Cmsurf  =  -1.34734
     CDsurf  =   0.00253     Cnsurf  =  -0.00264
     CDisurf =   0.00253     CDvsurf =   0.00000

  Forces referred to Ssurf, Cave about hinge axis thru LE
     CLsurf  =   0.44920     CDsurf  =   0.00505
     Deflect =

 Strip Forces referred to Strip Area, Chord
    j      Yle    Chord     Area     c cl      ai      cl_norm  cl       cd       cdv    cm_c/4    cm_LE  C.P.x/c
    51  -0.5146   7.3059   7.5245   3.2612   0.0199   0.4463   0.4463   0.0085   0.0000  -0.1306   0.2421    0.543
    52  -1.5440   7.2177   7.4337   3.2522   0.0184   0.4506   0.4506   0.0086   0.0000  -0.1312   0.2438    0.541
    53  -2.5733   7.1295   7.3429   3.2476   0.0188   0.4555   0.4555   0.0081   0.0000  -0.1315   0.2453    0.539
    54  -3.6026   7.0413   7.2520   3.2442   0.0196   0.4607   0.4607   0.0078   0.0000  -0.1316   0.2468    0.536
    55  -4.6319   6.9531   7.1612   3.2375   0.0205   0.4656   0.4656   0.0076   0.0000  -0.1319   0.2483    0.533
    56  -5.6611   6.8649   7.0703   3.2263   0.0210   0.4699   0.4699   0.0070   0.0000  -0.1323   0.2498    0.532
    57  -6.6904   6.7767   6.9795   3.2079   0.0211   0.4734   0.4734   0.0072   0.0000  -0.1329   0.2512    0.531
    58  -7.7197   6.6885   6.8887   3.1824   0.0207   0.4758   0.4758   0.0071   0.0000  -0.1337   0.2526    0.531
    59  -8.7491   6.6003   6.7978   3.1495   0.0197   0.4772   0.4772   0.0071   0.0000  -0.1349   0.2541    0.533
    60  -9.7783   6.5121   6.7070   3.1090   0.0182   0.4774   0.4774   0.0073   0.0000  -0.1368   0.2561    0.536
    61 -10.8076   6.4239   6.6161   3.0616   0.0160   0.4766   0.4766   0.0082   0.0000  -0.1400   0.2591    0.544
    62 -11.8370   6.3357   6.5253   3.0069   0.0134   0.4746   0.4746   0.0096   0.0000  -0.1451   0.2637    0.556
    63 -12.8663   6.2475   6.4345   2.9490   0.0114   0.4720   0.4720   0.0111   0.0000  -0.1504   0.2684    0.569
    64 -13.8956   6.1593   6.3436   2.9183   0.0110   0.4738   0.4738   0.0100   0.0000  -0.1479   0.2663    0.562
    65 -14.9248   6.0711   6.2528   2.8984   0.0122   0.4774   0.4774   0.0079   0.0000  -0.1424   0.2617    0.548
    66 -15.9542   5.9829   6.1619   2.8756   0.0138   0.4806   0.4806   0.0065   0.0000  -0.1388   0.2589    0.539
    67 -16.9834   5.8947   6.0711   2.8490   0.0150   0.4833   0.4833   0.0059   0.0000  -0.1368   0.2576    0.533
    68 -18.0128   5.8065   5.9803   2.8176   0.0155   0.4852   0.4852   0.0051   0.0000  -0.1359   0.2571    0.530
    69 -19.0420   5.7183   5.8894   2.7813   0.0155   0.4864   0.4864   0.0048   0.0000  -0.1354   0.2569    0.528
    70 -20.0714   5.6301   5.7986   2.7407   0.0151   0.4868   0.4868   0.0044   0.0000  -0.1351   0.2567    0.528
    71 -21.1006   5.5419   5.7077   2.6963   0.0145   0.4865   0.4865   0.0042   0.0000  -0.1349   0.2565    0.527
    72 -22.1300   5.4537   5.6169   2.6483   0.0136   0.4856   0.4856   0.0039   0.0000  -0.1348   0.2561    0.528
    73 -23.1592   5.3655   5.5261   2.5974   0.0126   0.4841   0.4841   0.0037   0.0000  -0.1346   0.2556    0.528
    74 -24.1886   5.2773   5.4352   2.5443   0.0115   0.4821   0.4821   0.0036   0.0000  -0.1346   0.2551    0.529
    75 -25.2178   5.1891   5.3444   2.4898   0.0106   0.4798   0.4798   0.0034   0.0000  -0.1346   0.2545    0.531
    76 -26.2472   5.1009   5.2536   2.4363   0.0103   0.4776   0.4776   0.0032   0.0000  -0.1346   0.2540    0.532
    77 -27.2764   5.0127   5.1627   2.3835   0.0105   0.4755   0.4755   0.0030   0.0000  -0.1347   0.2535    0.533
    78 -28.3058   4.9245   5.0719   2.3296   0.0108   0.4731   0.4731   0.0029   0.0000  -0.1347   0.2529    0.535
    79 -29.3350   4.8363   4.9810   2.2736   0.0108   0.4701   0.4701   0.0027   0.0000  -0.1348   0.2523    0.537
    80 -30.3643   4.7481   4.8902   2.2158   0.0107   0.4667   0.4667   0.0027   0.0000  -0.1348   0.2514    0.539
    81 -31.3937   4.6599   4.7994   2.1562   0.0105   0.4627   0.4627   0.0025   0.0000  -0.1348   0.2505    0.541
    82 -32.4230   4.5717   4.7085   2.0952   0.0102   0.4583   0.4583   0.0024   0.0000  -0.1348   0.2493    0.544
    83 -33.4523   4.4835   4.6177   2.0331   0.0099   0.4535   0.4535   0.0022   0.0000  -0.1347   0.2480    0.547
    84 -34.4815   4.3953   4.5268   1.9702   0.0095   0.4483   0.4483   0.0020   0.0000  -0.1346   0.2466    0.550
    85 -35.5108   4.3071   4.4360   1.9064   0.0092   0.4426   0.4426   0.0019   0.0000  -0.1345   0.2451    0.554
    86 -36.5401   4.2189   4.3452   1.8415   0.0089   0.4365   0.4365   0.0019   0.0000  -0.1344   0.2434    0.558
    87 -37.5695   4.1307   4.2543   1.7761   0.0086   0.4300   0.4300   0.0019   0.0000  -0.1342   0.2417    0.562
    88 -38.5987   4.0425   4.1635   1.7101   0.0083   0.4230   0.4230   0.0016   0.0000  -0.1341   0.2398    0.567
    89 -39.6280   3.9543   4.0726   1.6427   0.0081   0.4154   0.4154   0.0017   0.0000  -0.1340   0.2378    0.572
    90 -40.6574   3.8661   3.9818   1.5746   0.0080   0.4073   0.4073   0.0016   0.0000  -0.1338   0.2356    0.579
    91 -41.6866   3.7779   3.8910   1.5051   0.0080   0.3984   0.3984   0.0014   0.0000  -0.1336   0.2332    0.585
    92 -42.7160   3.6897   3.8001   1.4344   0.0081   0.3887   0.3887   0.0017   0.0000  -0.1335   0.2306    0.593
    93 -43.7453   3.6015   3.7093   1.3610   0.0083   0.3779   0.3779   0.0016   0.0000  -0.1333   0.2277    0.603
    94 -44.7746   3.5133   3.6184   1.2856   0.0088   0.3659   0.3659   0.0019   0.0000  -0.1330   0.2244    0.613
    95 -45.8038   3.4251   3.5276   1.2061   0.0095   0.3521   0.3521   0.0019   0.0000  -0.1326   0.2206    0.627
    96 -46.8331   3.3369   3.4368   1.1207   0.0107   0.3358   0.3358   0.0016   0.0000  -0.1319   0.2158    0.643
    97 -47.8624   3.2487   3.3459   1.0278   0.0128   0.3164   0.3164   0.0023   0.0000  -0.1308   0.2098    0.663
    98 -48.8918   3.1605   3.2551   0.9200   0.0162   0.2911   0.2911   0.0022   0.0000  -0.1283   0.2011    0.691
    99 -49.9211   3.0723   3.1642   0.7844   0.0227   0.2553   0.2553   0.0025   0.0000  -0.1224   0.1862    0.729
   100 -50.9504   2.9841   3.0734   0.5765   0.0362   0.1932   0.1932   0.0024   0.0000  -0.1037   0.1520    0.787
 ---------------------------------------------------------------
