 ---------------------------------------------------------------
 Surface and Strip Forces by surface

  Forces referred to Sref, Cref, Bref about Xref, Yref, Zref
 Standard axis orientation,  X fwd, Z down         

  Surface # 1     Wing                                    
     # Chordwise = 12   # Spanwise = 26     First strip =  1
     Surface area =  264.948090       Ave. chord =    5.144990
     CLsurf  =   0.25000     Clsurf  =  -0.05028
     CYsurf  =  -0.00816     Cmsurf  =  -1.41433
     CDsurf  =   0.00205     Cnsurf  =   0.00321
     CDisurf =   0.00205     CDvsurf =   0.00000

  Forces referred to Ssurf, Cave about hinge axis thru LE
     CLsurf  =   0.50006     CDsurf  =   0.00410
     Deflect =

 Strip Forces referred to Strip Area, Chord
    j      Yle    Chord     Area     c cl      ai      cl_norm  cl       cd       cdv    cm_c/4    cm_LE  C.P.x/c
     1   0.1977   7.3331   3.5190   3.8705   0.0344   0.5279   0.5279   0.0069   0.0000  -0.1278  -0.2597    0.492
     2   0.8451   7.2776   5.9255   3.8529   0.0314   0.5295   0.5295   0.0072   0.0000  -0.1284  -0.2607    0.492
     3   1.8230   7.1938   8.2012   3.8283   0.0288   0.5322   0.5322   0.0069   0.0000  -0.1291  -0.2620    0.492
     4   3.1205   7.0826  10.2883   3.7889   0.0266   0.5350   0.5350   0.0067   0.0000  -0.1296  -0.2633    0.492
     5   4.7220   6.9454  12.1359   3.7346   0.0245   0.5378   0.5378   0.0065   0.0000  -0.1301  -0.2645    0.492
     6   6.6075   6.7838  13.7022   3.6616   0.0226   0.5398   0.5398   0.0060   0.0000  -0.1304  -0.2653    0.492
     7   8.7527   6.6000  14.9564   3.5711   0.0208   0.5411   0.5411   0.0058   0.0000  -0.1307  -0.2659    0.492
     8  11.1295   6.3963  15.8788   3.4629   0.0190   0.5415   0.5415   0.0052   0.0000  -0.1310  -0.2662    0.492
     9  13.7063   6.1755  16.4622   3.3369   0.0174   0.5404   0.5404   0.0048   0.0000  -0.1311  -0.2661    0.493
    10  16.4487   5.9405  16.7109   3.1959   0.0159   0.5380   0.5380   0.0043   0.0000  -0.1313  -0.2657    0.494
    11  19.3194   5.6945  16.6405   3.0415   0.0144   0.5342   0.5342   0.0041   0.0000  -0.1314  -0.2649    0.496
    12  22.2795   5.4409  16.2762   2.8750   0.0131   0.5285   0.5285   0.0036   0.0000  -0.1315  -0.2636    0.499
    13  25.2885   5.1830  15.6515   2.7007   0.0119   0.5211   0.5211   0.0032   0.0000  -0.1317  -0.2619    0.503
    14  28.3050   4.9246  14.8055   2.5206   0.0108   0.5119   0.5119   0.0028   0.0000  -0.1318  -0.2597    0.507
    15  31.2874   4.6690  13.7813   2.3370   0.0098   0.5006   0.5006   0.0026   0.0000  -0.1318  -0.2569    0.513
    16  34.1945   4.4199  12.6232   2.1527   0.0090   0.4871   0.4871   0.0020   0.0000  -0.1319  -0.2536    0.521
    17  36.9860   4.1807  11.3744   1.9703   0.0085   0.4713   0.4713   0.0022   0.0000  -0.1319  -0.2497    0.530
    18  39.6231   3.9547  10.0750   1.7920   0.0083   0.4532   0.4532   0.0021   0.0000  -0.1319  -0.2451    0.541
    19  42.0692   3.7451   8.7598   1.6181   0.0086   0.4321   0.4321   0.0018   0.0000  -0.1318  -0.2397    0.555
    20  44.2901   3.5548   7.4572   1.4478   0.0096   0.4073   0.4073   0.0022   0.0000  -0.1314  -0.2332    0.573
    21  46.2548   3.3865   6.1880   1.2808   0.0117   0.3782   0.3782   0.0021   0.0000  -0.1306  -0.2251    0.595
    22  47.9360   3.2424   4.9648   1.1121   0.0156   0.3430   0.3430   0.0029   0.0000  -0.1286  -0.2143    0.625
    23  49.3100   3.1247   3.7926   0.9331   0.0224   0.2987   0.2987   0.0032   0.0000  -0.1235  -0.1981    0.663
    24  50.3578   3.0349   2.6686   0.7289   0.0333   0.2402   0.2402   0.0035   0.0000  -0.1106  -0.1706    0.710
    25  51.0645   2.9743   1.5840   0.4785   0.0485   0.1609   0.1609   0.0027   0.0000  -0.0821  -0.1223    0.760
    26  51.4204   2.9438   0.5250   0.1707   0.0646   0.0580   0.0580   0.0015   0.0000  -0.0319  -0.0464    0.800

  Surface # 2     Wing (YDUP)                             
     # Chordwise = 12   # Spanwise = 26     First strip = 27
     Surface area =  264.948090       Ave. chord =    5.144990
     CLsurf  =   0.25000     Clsurf  =   0.05028
     CYsurf  =   0.00816     Cmsurf  =  -1.41433
     CDsurf  =   0.00205     Cnsurf  =  -0.00321
     CDisurf =   0.00205     CDvsurf =   0.00000

  Forces referred to Ssurf, Cave about hinge axis thru LE
     CLsurf  =   0.50006     CDsurf  =   0.00410
     Deflect =

 Strip Forces referred to Strip Area, Chord
    j      Yle    Chord     Area     c cl      ai      cl_norm  cl       cd       cdv    cm_c/4    cm_LE  C.P.x/c
    27  -0.1977   7.3331   3.5190   3.8705   0.0344   0.5279   0.5279   0.0069   0.0000  -0.1278   0.2597    0.492
    28  -0.8451   7.2776   5.9255   3.8529   0.0314   0.5295   0.5295   0.0072   0.0000  -0.1284   0.2607    0.492
    29  -1.8230   7.1938   8.2012   3.8283   0.0289   0.5322   0.5322   0.0069   0.0000  -0.1291   0.2620    0.492
    30  -3.1205   7.0826  10.2883   3.7889   0.0266   0.5350   0.5350   0.0067   0.0000  -0.1296   0.2633    0.492
    31  -4.7220   6.9454  12.1359   3.7346   0.0245   0.5378   0.5378   0.0065   0.0000  -0.1301   0.2645    0.492
    32  -6.6075   6.7838  13.7022   3.6616   0.0226   0.5398   0.5398   0.0060   0.0000  -0.1304   0.2653    0.492
    33  -8.7527   6.6000  14.9564   3.5711   0.0208   0.5411   0.5411   0.0058   0.0000  -0.1307   0.2659    0.492
    34 -11.1295   6.3963  15.8788   3.4629   0.0190   0.5415   0.5415   0.0052   0.0000  -0.1310   0.2662    0.492
    35 -13.7063   6.1755  16.4622   3.3369   0.0174   0.5404   0.5404   0.0048   0.0000  -0.1311   0.2661    0.493
    36 -16.4487   5.9405  16.7109   3.1959   0.0159   0.5380   0.5380   0.0043   0.0000  -0.1313   0.2657    0.494
    37 -19.3194   5.6945  16.6405   3.0415   0.0144   0.5342   0.5342   0.0041   0.0000  -0.1314   0.2649    0.496
    38 -22.2795   5.4409  16.2762   2.8750   0.0131   0.5285   0.5285   0.0036   0.0000  -0.1315   0.2636    0.499
    39 -25.2885   5.1830  15.6515   2.7007   0.0119   0.5211   0.5211   0.0032   0.0000  -0.1317   0.2619    0.503
    40 -28.3050   4.9246  14.8055   2.5206   0.0108   0.5119   0.5119   0.0028   0.0000  -0.1318   0.2597    0.507
    41 -31.2874   4.6690  13.7813   2.3370   0.0098   0.5006   0.5006   0.0026   0.0000  -0.1318   0.2569    0.513
    42 -34.1945   4.4199  12.6232   2.1527   0.0090   0.4871   0.4871   0.0020   0.0000  -0.1319   0.2536    0.521
    43 -36.9860   4.1807  11.3744   1.9703   0.0085   0.4713   0.4713   0.0022   0.0000  -0.1319   0.2497    0.530
    44 -39.6231   3.9547  10.0750   1.7920   0.0083   0.4532   0.4532   0.0021   0.0000  -0.1319   0.2451    0.541
    45 -42.0692   3.7451   8.7598   1.6181   0.0086   0.4321   0.4321   0.0018   0.0000  -0.1318   0.2397    0.555
    46 -44.2901   3.5548   7.4572   1.4478   0.0096   0.4073   0.4073   0.0022   0.0000  -0.1314   0.2332    0.573
    47 -46.2548   3.3865   6.1880   1.2808   0.0117   0.3782   0.3782   0.0021   0.0000  -0.1306   0.2251    0.595
    48 -47.9360   3.2424   4.9648   1.1121   0.0156   0.3430   0.3430   0.0029   0.0000  -0.1286   0.2143    0.625
    49 -49.3100   3.1247   3.7926   0.9331   0.0224   0.2987   0.2987   0.0032   0.0000  -0.1235   0.1981    0.663
    50 -50.3578   3.0349   2.6686   0.7289   0.0333   0.2402   0.2402   0.0035   0.0000  -0.1106   0.1706    0.710
    51 -51.0645   2.9743   1.5840   0.4785   0.0485   0.1609   0.1609   0.0027   0.0000  -0.0821   0.1223    0.760
    52 -51.4204   2.9438   0.5250   0.1707   0.0646   0.0580   0.0580   0.0015   0.0000  -0.0319   0.0464    0.800
 ---------------------------------------------------------------
