 ---------------------------------------------------------------
 Surface and Strip Forces by surface

  Forces referred to Sref, Cref, Bref about Xref, Yref, Zref
 Standard axis orientation,  X fwd, Z down         

  Surface # 1     Wing                                    
     # Chordwise = 12   # Spanwise = 50     First strip =  1
     Surface area =  264.948608       Ave. chord =    5.145000
     CLsurf  =   0.18481     Clsurf  =  -0.03782
     CYsurf  =  -0.00625     Cmsurf  =  -1.10710
     CDsurf  =   0.00170     Cnsurf  =   0.00211
     CDisurf =   0.00170     CDvsurf =   0.00000

  Forces referred to Ssurf, Cave about hinge axis thru LE
     CLsurf  =   0.36969     CDsurf  =   0.00340
     Deflect =

 Strip Forces referred to Strip Area, Chord
    j      Yle    Chord     Area     c cl      ai      cl_norm  cl       cd       cdv    cm_c/4    cm_LE  C.P.x/c
     1   0.5146   7.3059   7.5245   2.6589   0.0159   0.3639   0.3639   0.0067   0.0000  -0.1043  -0.1953    0.537
     2   1.5440   7.2177   7.4337   2.6536   0.0148   0.3676   0.3676   0.0065   0.0000  -0.1047  -0.1966    0.535
     3   2.5733   7.1295   7.3429   2.6536   0.0153   0.3722   0.3722   0.0062   0.0000  -0.1048  -0.1978    0.532
     4   3.6026   7.0413   7.2520   2.6550   0.0163   0.3770   0.3770   0.0058   0.0000  -0.1048  -0.1990    0.528
     5   4.6319   6.9531   7.1612   2.6549   0.0173   0.3818   0.3818   0.0055   0.0000  -0.1049  -0.2003    0.525
     6   5.6611   6.8649   7.0703   2.6509   0.0181   0.3861   0.3861   0.0052   0.0000  -0.1051  -0.2016    0.522
     7   6.6904   6.7767   6.9795   2.6415   0.0185   0.3898   0.3898   0.0051   0.0000  -0.1054  -0.2028    0.520
     8   7.7197   6.6885   6.8887   2.6267   0.0187   0.3927   0.3927   0.0048   0.0000  -0.1056  -0.2037    0.519
     9   8.7491   6.6003   6.7978   2.6059   0.0186   0.3948   0.3948   0.0047   0.0000  -0.1058  -0.2045    0.518
    10   9.7783   6.5121   6.7070   2.5790   0.0183   0.3960   0.3960   0.0045   0.0000  -0.1060  -0.2050    0.518
    11  10.8076   6.4239   6.6161   2.5458   0.0177   0.3963   0.3963   0.0043   0.0000  -0.1062  -0.2052    0.518
    12  11.8370   6.3357   6.5253   2.5046   0.0165   0.3953   0.3953   0.0043   0.0000  -0.1062  -0.2050    0.519
    13  12.8663   6.2475   6.4345   2.4547   0.0138   0.3929   0.3929   0.0045   0.0000  -0.1065  -0.2047    0.521
    14  13.8956   6.1593   6.3436   2.3949   0.0082   0.3888   0.3888   0.0049   0.0000  -0.1076  -0.2048    0.527
    15  14.9248   6.0711   6.2528   2.3303  -0.0000   0.3838   0.3838   0.0057   0.0000  -0.1104  -0.2064    0.538
    16  15.9542   5.9829   6.1619   2.2924  -0.0026   0.3831   0.3831   0.0057   0.0000  -0.1109  -0.2066    0.539
    17  16.9834   5.8947   6.0711   2.2967   0.0039   0.3896   0.3896   0.0045   0.0000  -0.1081  -0.2055    0.528
    18  18.0128   5.8065   5.9803   2.3071   0.0094   0.3973   0.3973   0.0036   0.0000  -0.1077  -0.2070    0.521
    19  19.0420   5.7183   5.8894   2.3118   0.0113   0.4043   0.4043   0.0032   0.0000  -0.1084  -0.2095    0.518
    20  20.0714   5.6301   5.7986   2.3103   0.0112   0.4103   0.4103   0.0029   0.0000  -0.1096  -0.2121    0.517
    21  21.1006   5.5419   5.7077   2.3033   0.0101   0.4156   0.4156   0.0028   0.0000  -0.1110  -0.2148    0.517
    22  22.1300   5.4537   5.6169   2.2903   0.0084   0.4199   0.4199   0.0027   0.0000  -0.1125  -0.2174    0.518
    23  23.1592   5.3655   5.5261   2.2679   0.0060   0.4227   0.4227   0.0027   0.0000  -0.1141  -0.2197    0.520
    24  24.1886   5.2773   5.4352   2.2270   0.0006   0.4220   0.4220   0.0029   0.0000  -0.1152  -0.2206    0.523
    25  25.2178   5.1891   5.3444   2.1424  -0.0170   0.4129   0.4129   0.0028   0.0000  -0.1138  -0.2170    0.526
    26  26.2472   5.1009   5.2536   1.9885   0.0379   0.3898   0.3898   0.0022   0.0000  -0.1072  -0.2046    0.525
    27  27.2764   5.0127   5.1627   1.9171   0.0124   0.3824   0.3824   0.0020   0.0000  -0.1059  -0.2014    0.527
    28  28.3058   4.9245   5.0719   1.8705   0.0109   0.3798   0.3798   0.0020   0.0000  -0.1060  -0.2009    0.529
    29  29.3350   4.8363   4.9810   1.8274   0.0106   0.3779   0.3779   0.0019   0.0000  -0.1063  -0.2007    0.531
    30  30.3643   4.7481   4.8902   1.7836   0.0103   0.3756   0.3756   0.0019   0.0000  -0.1066  -0.2004    0.534
    31  31.3937   4.6599   4.7994   1.7381   0.0099   0.3730   0.3730   0.0018   0.0000  -0.1068  -0.2000    0.536
    32  32.4230   4.5717   4.7085   1.6910   0.0095   0.3699   0.3699   0.0016   0.0000  -0.1069  -0.1993    0.539
    33  33.4523   4.4835   4.6177   1.6426   0.0091   0.3664   0.3664   0.0016   0.0000  -0.1069  -0.1985    0.542
    34  34.4815   4.3953   4.5268   1.5931   0.0086   0.3625   0.3625   0.0014   0.0000  -0.1069  -0.1975    0.545
    35  35.5108   4.3071   4.4360   1.5428   0.0082   0.3582   0.3582   0.0013   0.0000  -0.1069  -0.1964    0.549
    36  36.5401   4.2189   4.3452   1.4914   0.0078   0.3535   0.3535   0.0014   0.0000  -0.1069  -0.1952    0.552
    37  37.5695   4.1307   4.2543   1.4396   0.0075   0.3485   0.3485   0.0013   0.0000  -0.1068  -0.1939    0.557
    38  38.5987   4.0425   4.1635   1.3871   0.0072   0.3431   0.3431   0.0011   0.0000  -0.1068  -0.1925    0.561
    39  39.6280   3.9543   4.0726   1.3336   0.0070   0.3373   0.3373   0.0011   0.0000  -0.1067  -0.1910    0.566
    40  40.6574   3.8661   3.9818   1.2795   0.0069   0.3309   0.3309   0.0011   0.0000  -0.1067  -0.1894    0.572
    41  41.6866   3.7779   3.8910   1.2243   0.0068   0.3241   0.3241   0.0011   0.0000  -0.1066  -0.1876    0.579
    42  42.7160   3.6897   3.8001   1.1680   0.0069   0.3166   0.3166   0.0012   0.0000  -0.1065  -0.1856    0.586
    43  43.7453   3.6015   3.7093   1.1101   0.0071   0.3082   0.3082   0.0011   0.0000  -0.1064  -0.1834    0.595
    44  44.7746   3.5133   3.6184   1.0503   0.0074   0.2989   0.2989   0.0012   0.0000  -0.1063  -0.1810    0.606
    45  45.8038   3.4251   3.5276   0.9876   0.0081   0.2883   0.2883   0.0012   0.0000  -0.1061  -0.1781    0.618
    46  46.8331   3.3369   3.4368   0.9205   0.0092   0.2758   0.2758   0.0012   0.0000  -0.1057  -0.1747    0.633
    47  47.8624   3.2487   3.3459   0.8473   0.0110   0.2608   0.2608   0.0015   0.0000  -0.1052  -0.1703    0.653
    48  48.8918   3.1605   3.2551   0.7628   0.0141   0.2414   0.2414   0.0017   0.0000  -0.1038  -0.1641    0.680
    49  49.9211   3.0723   3.1642   0.6565   0.0202   0.2137   0.2137   0.0021   0.0000  -0.1003  -0.1537    0.719
    50  50.9504   2.9841   3.0734   0.4911   0.0341   0.1646   0.1646   0.0020   0.0000  -0.0874  -0.1285    0.781

  Surface # 2     Wing (YDUP)                             
     # Chordwise = 12   # Spanwise = 50     First strip = 51
     Surface area =  264.948608       Ave. chord =    5.145000
     CLsurf  =   0.18481     Clsurf  =   0.03782
     CYsurf  =   0.00625     Cmsurf  =  -1.10710
     CDsurf  =   0.00170     Cnsurf  =  -0.00211
     CDisurf =   0.00170     CDvsurf =   0.00000

  Forces referred to Ssurf, Cave about hinge axis thru LE
     CLsurf  =   0.36969     CDsurf  =   0.00340
     Deflect =

 Strip Forces referred to Strip Area, Chord
    j      Yle    Chord     Area     c cl      ai      cl_norm  cl       cd       cdv    cm_c/4    cm_LE  C.P.x/c
    51  -0.5146   7.3059   7.5245   2.6589   0.0159   0.3639   0.3639   0.0067   0.0000  -0.1043   0.1953    0.537
    52  -1.5440   7.2177   7.4337   2.6536   0.0148   0.3676   0.3676   0.0065   0.0000  -0.1047   0.1966    0.535
    53  -2.5733   7.1295   7.3429   2.6536   0.0153   0.3722   0.3722   0.0062   0.0000  -0.1048   0.1978    0.532
    54  -3.6026   7.0413   7.2520   2.6550   0.0163   0.3770   0.3770   0.0058   0.0000  -0.1048   0.1990    0.528
    55  -4.6319   6.9531   7.1612   2.6549   0.0173   0.3818   0.3818   0.0055   0.0000  -0.1049   0.2003    0.525
    56  -5.6611   6.8649   7.0703   2.6509   0.0181   0.3861   0.3861   0.0052   0.0000  -0.1051   0.2016    0.522
    57  -6.6904   6.7767   6.9795   2.6415   0.0185   0.3898   0.3898   0.0051   0.0000  -0.1054   0.2028    0.520
    58  -7.7197   6.6885   6.8887   2.6267   0.0187   0.3927   0.3927   0.0048   0.0000  -0.1056   0.2037    0.519
    59  -8.7491   6.6003   6.7978   2.6059   0.0186   0.3948   0.3948   0.0047   0.0000  -0.1058   0.2045    0.518
    60  -9.7783   6.5121   6.7070   2.5790   0.0183   0.3960   0.3960   0.0045   0.0000  -0.1060   0.2050    0.518
    61 -10.8076   6.4239   6.6161   2.5458   0.0177   0.3963   0.3963   0.0043   0.0000  -0.1062   0.2052    0.518
    62 -11.8370   6.3357   6.5253   2.5046   0.0165   0.3953   0.3953   0.0043   0.0000  -0.1062   0.2050    0.519
    63 -12.8663   6.2475   6.4345   2.4547   0.0138   0.3929   0.3929   0.0045   0.0000  -0.1065   0.2047    0.521
    64 -13.8956   6.1593   6.3436   2.3949   0.0082   0.3888   0.3888   0.0049   0.0000  -0.1076   0.2048    0.527
    65 -14.9248   6.0711   6.2528   2.3303  -0.0000   0.3838   0.3838   0.0057   0.0000  -0.1104   0.2064    0.538
    66 -15.9542   5.9829   6.1619   2.2924  -0.0026   0.3831   0.3831   0.0057   0.0000  -0.1109   0.2066    0.539
    67 -16.9834   5.8947   6.0711   2.2967   0.0039   0.3896   0.3896   0.0045   0.0000  -0.1081   0.2055    0.528
    68 -18.0128   5.8065   5.9803   2.3071   0.0094   0.3973   0.3973   0.0036   0.0000  -0.1077   0.2070    0.521
    69 -19.0420   5.7183   5.8894   2.3118   0.0113   0.4043   0.4043   0.0032   0.0000  -0.1084   0.2095    0.518
    70 -20.0714   5.6301   5.7986   2.3103   0.0112   0.4103   0.4103   0.0029   0.0000  -0.1096   0.2121    0.517
    71 -21.1006   5.5419   5.7077   2.3033   0.0101   0.4156   0.4156   0.0028   0.0000  -0.1110   0.2148    0.517
    72 -22.1300   5.4537   5.6169   2.2903   0.0084   0.4199   0.4199   0.0027   0.0000  -0.1125   0.2174    0.518
    73 -23.1592   5.3655   5.5261   2.2679   0.0060   0.4227   0.4227   0.0027   0.0000  -0.1141   0.2197    0.520
    74 -24.1886   5.2773   5.4352   2.2270   0.0006   0.4220   0.4220   0.0029   0.0000  -0.1152   0.2206    0.523
    75 -25.2178   5.1891   5.3444   2.1424  -0.0170   0.4129   0.4129   0.0028   0.0000  -0.1138   0.2170    0.526
    76 -26.2472   5.1009   5.2536   1.9885   0.0379   0.3898   0.3898   0.0022   0.0000  -0.1072   0.2046    0.525
    77 -27.2764   5.0127   5.1627   1.9171   0.0124   0.3824   0.3824   0.0020   0.0000  -0.1059   0.2014    0.527
    78 -28.3058   4.9245   5.0719   1.8705   0.0109   0.3798   0.3798   0.0020   0.0000  -0.1060   0.2009    0.529
    79 -29.3350   4.8363   4.9810   1.8274   0.0106   0.3779   0.3779   0.0019   0.0000  -0.1063   0.2007    0.531
    80 -30.3643   4.7481   4.8902   1.7836   0.0103   0.3756   0.3756   0.0019   0.0000  -0.1066   0.2004    0.534
    81 -31.3937   4.6599   4.7994   1.7381   0.0099   0.3730   0.3730   0.0018   0.0000  -0.1068   0.2000    0.536
    82 -32.4230   4.5717   4.7085   1.6910   0.0095   0.3699   0.3699   0.0016   0.0000  -0.1069   0.1993    0.539
    83 -33.4523   4.4835   4.6177   1.6426   0.0091   0.3664   0.3664   0.0016   0.0000  -0.1069   0.1985    0.542
    84 -34.4815   4.3953   4.5268   1.5931   0.0086   0.3625   0.3625   0.0014   0.0000  -0.1069   0.1975    0.545
    85 -35.5108   4.3071   4.4360   1.5428   0.0082   0.3582   0.3582   0.0013   0.0000  -0.1069   0.1964    0.549
    86 -36.5401   4.2189   4.3452   1.4914   0.0078   0.3535   0.3535   0.0014   0.0000  -0.1069   0.1952    0.552
    87 -37.5695   4.1307   4.2543   1.4396   0.0075   0.3485   0.3485   0.0013   0.0000  -0.1068   0.1939    0.557
    88 -38.5987   4.0425   4.1635   1.3871   0.0072   0.3431   0.3431   0.0011   0.0000  -0.1068   0.1925    0.561
    89 -39.6280   3.9543   4.0726   1.3336   0.0070   0.3373   0.3373   0.0011   0.0000  -0.1067   0.1910    0.566
    90 -40.6574   3.8661   3.9818   1.2795   0.0069   0.3309   0.3309   0.0011   0.0000  -0.1067   0.1894    0.572
    91 -41.6866   3.7779   3.8910   1.2243   0.0068   0.3241   0.3241   0.0011   0.0000  -0.1066   0.1876    0.579
    92 -42.7160   3.6897   3.8001   1.1680   0.0069   0.3166   0.3166   0.0012   0.0000  -0.1065   0.1856    0.586
    93 -43.7453   3.6015   3.7093   1.1101   0.0071   0.3082   0.3082   0.0011   0.0000  -0.1064   0.1834    0.595
    94 -44.7746   3.5133   3.6184   1.0503   0.0074   0.2989   0.2989   0.0012   0.0000  -0.1063   0.1810    0.606
    95 -45.8038   3.4251   3.5276   0.9876   0.0081   0.2883   0.2883   0.0012   0.0000  -0.1061   0.1781    0.618
    96 -46.8331   3.3369   3.4368   0.9205   0.0092   0.2758   0.2758   0.0012   0.0000  -0.1057   0.1747    0.633
    97 -47.8624   3.2487   3.3459   0.8473   0.0110   0.2608   0.2608   0.0015   0.0000  -0.1052   0.1703    0.653
    98 -48.8918   3.1605   3.2551   0.7628   0.0141   0.2414   0.2414   0.0017   0.0000  -0.1038   0.1641    0.680
    99 -49.9211   3.0723   3.1642   0.6565   0.0202   0.2137   0.2137   0.0021   0.0000  -0.1003   0.1537    0.719
   100 -50.9504   2.9841   3.0734   0.4911   0.0341   0.1646   0.1646   0.0020   0.0000  -0.0874   0.1285    0.781

  Surface # 3     Strut                                   
     # Chordwise =  7   # Spanwise = 25     First strip =101
     Surface area =   76.907906       Ave. chord =    3.000000
     CLsurf  =  -0.00543     Clsurf  =   0.00113
     CYsurf  =   0.00222     Cmsurf  =   0.03274
     CDsurf  =  -0.00002     Cnsurf  =  -0.00071
     CDisurf =  -0.00002     CDvsurf =   0.00000

  Forces referred to Ssurf, Cave about hinge axis thru LE
     CLsurf  =  -0.04042     CDsurf  =  -0.00015
     Deflect =

 Strip Forces referred to Strip Area, Chord
    j      Yle    Chord     Area     c cl      ai      cl_norm  cl       cd       cdv    cm_c/4    cm_LE  C.P.x/c
   101   2.4746   3.0000   3.0763   0.0030   0.0130   0.0010   0.0010   0.0000   0.0000  -0.0005  -0.0008    0.791
   102   3.4238   3.0000   3.0763   0.0050   0.0140   0.0017   0.0017   0.0000   0.0000   0.0003  -0.0001    0.072
   103   4.3730   3.0000   3.0763   0.0036   0.0147   0.0012   0.0012  -0.0000   0.0000   0.0013   0.0010   -0.790
   104   5.3222   3.0000   3.0763  -0.0022   0.0147  -0.0007  -0.0007  -0.0000   0.0000   0.0021   0.0023    0.000
   105   6.2714   3.0000   3.0763  -0.0119   0.0143  -0.0040  -0.0040  -0.0000   0.0000   0.0027   0.0037    0.930
   106   7.2206   3.0000   3.0763  -0.0241   0.0137  -0.0080  -0.0080  -0.0000   0.0000   0.0032   0.0052    0.647
   107   8.1698   3.0000   3.0763  -0.0373   0.0130  -0.0124  -0.0124  -0.0000   0.0000   0.0036   0.0067    0.539
   108   9.1190   3.0000   3.0763  -0.0502   0.0123  -0.0167  -0.0167  -0.0001   0.0000   0.0039   0.0081    0.486
   109  10.0682   3.0000   3.0763  -0.0616   0.0117  -0.0205  -0.0205  -0.0001   0.0000   0.0043   0.0094    0.457
   110  11.0174   3.0000   3.0763  -0.0706   0.0112  -0.0235  -0.0235  -0.0001   0.0000   0.0046   0.0104    0.444
   111  11.9666   3.0000   3.0763  -0.0760   0.0108  -0.0253  -0.0253  -0.0001   0.0000   0.0048   0.0112    0.441
   112  12.9158   3.0000   3.0763  -0.0765   0.0108  -0.0255  -0.0255  -0.0001   0.0000   0.0051   0.0115    0.451
   113  13.8650   3.0000   3.0763  -0.0710   0.0118  -0.0237  -0.0237  -0.0001   0.0000   0.0055   0.0114    0.482
   114  14.8142   3.0000   3.0763  -0.0604   0.0143  -0.0201  -0.0201  -0.0001   0.0000   0.0061   0.0111    0.552
   115  15.7634   3.0000   3.0763  -0.0522   0.0179  -0.0174  -0.0174  -0.0001   0.0000   0.0070   0.0114    0.655
   116  16.7126   3.0000   3.0763  -0.0627   0.0190  -0.0209  -0.0209  -0.0001   0.0000   0.0083   0.0135    0.645
   117  17.6618   3.0000   3.0763  -0.1007   0.0154  -0.0336  -0.0336  -0.0001   0.0000   0.0096   0.0180    0.536
   118  18.6110   3.0000   3.0763  -0.1540   0.0107  -0.0513  -0.0513  -0.0002   0.0000   0.0113   0.0241    0.469
   119  19.5602   3.0000   3.0763  -0.2091   0.0072  -0.0697  -0.0697  -0.0003   0.0000   0.0134   0.0308    0.442
   120  20.5094   3.0000   3.0763  -0.2606   0.0049  -0.0869  -0.0869  -0.0003   0.0000   0.0158   0.0375    0.432
   121  21.4586   3.0000   3.0763  -0.3065   0.0027  -0.1022  -0.1022  -0.0004   0.0000   0.0185   0.0440    0.431
   122  22.4078   3.0000   3.0763  -0.3440   0.0003  -0.1147  -0.1147  -0.0005   0.0000   0.0211   0.0498    0.434
   123  23.3570   3.0000   3.0763  -0.3667  -0.0024  -0.1222  -0.1222  -0.0005   0.0000   0.0234   0.0539    0.441
   124  24.3062   3.0000   3.0763  -0.3589  -0.0043  -0.1196  -0.1196  -0.0004   0.0000   0.0243   0.0542    0.453
   125  25.2554   3.0000   3.0763  -0.2856  -0.0093  -0.0952  -0.0952  -0.0003   0.0000   0.0213   0.0451    0.474

  Surface # 4     Strut (YDUP)                            
     # Chordwise =  7   # Spanwise = 25     First strip =126
     Surface area =   76.907906       Ave. chord =    3.000000
     CLsurf  =  -0.00543     Clsurf  =  -0.00113
     CYsurf  =  -0.00222     Cmsurf  =   0.03274
     CDsurf  =  -0.00002     Cnsurf  =   0.00071
     CDisurf =  -0.00002     CDvsurf =   0.00000

  Forces referred to Ssurf, Cave about hinge axis thru LE
     CLsurf  =  -0.04042     CDsurf  =  -0.00015
     Deflect =

 Strip Forces referred to Strip Area, Chord
    j      Yle    Chord     Area     c cl      ai      cl_norm  cl       cd       cdv    cm_c/4    cm_LE  C.P.x/c
   126  -2.4746   3.0000   3.0763   0.0030   0.0130   0.0010   0.0010   0.0000   0.0000  -0.0005   0.0008    0.791
   127  -3.4238   3.0000   3.0763   0.0050   0.0140   0.0017   0.0017   0.0000   0.0000   0.0003   0.0001    0.072
   128  -4.3730   3.0000   3.0763   0.0036   0.0147   0.0012   0.0012  -0.0000   0.0000   0.0013  -0.0010   -0.790
   129  -5.3222   3.0000   3.0763  -0.0022   0.0147  -0.0007  -0.0007  -0.0000   0.0000   0.0021  -0.0023    0.000
   130  -6.2714   3.0000   3.0763  -0.0119   0.0143  -0.0040  -0.0040  -0.0000   0.0000   0.0027  -0.0037    0.930
   131  -7.2206   3.0000   3.0763  -0.0241   0.0137  -0.0080  -0.0080  -0.0000   0.0000   0.0032  -0.0052    0.647
   132  -8.1698   3.0000   3.0763  -0.0373   0.0130  -0.0124  -0.0124  -0.0000   0.0000   0.0036  -0.0067    0.539
   133  -9.1190   3.0000   3.0763  -0.0502   0.0123  -0.0167  -0.0167  -0.0001   0.0000   0.0039  -0.0081    0.486
   134 -10.0682   3.0000   3.0763  -0.0616   0.0117  -0.0205  -0.0205  -0.0001   0.0000   0.0043  -0.0094    0.457
   135 -11.0174   3.0000   3.0763  -0.0706   0.0112  -0.0235  -0.0235  -0.0001   0.0000   0.0046  -0.0104    0.444
   136 -11.9666   3.0000   3.0763  -0.0760   0.0108  -0.0253  -0.0253  -0.0001   0.0000   0.0048  -0.0112    0.441
   137 -12.9158   3.0000   3.0763  -0.0765   0.0108  -0.0255  -0.0255  -0.0001   0.0000   0.0051  -0.0115    0.451
   138 -13.8650   3.0000   3.0763  -0.0710   0.0118  -0.0237  -0.0237  -0.0001   0.0000   0.0055  -0.0114    0.482
   139 -14.8142   3.0000   3.0763  -0.0604   0.0143  -0.0201  -0.0201  -0.0001   0.0000   0.0061  -0.0111    0.552
   140 -15.7634   3.0000   3.0763  -0.0522   0.0179  -0.0174  -0.0174  -0.0001   0.0000   0.0070  -0.0114    0.655
   141 -16.7126   3.0000   3.0763  -0.0627   0.0190  -0.0209  -0.0209  -0.0001   0.0000   0.0083  -0.0135    0.645
   142 -17.6618   3.0000   3.0763  -0.1007   0.0154  -0.0336  -0.0336  -0.0001   0.0000   0.0096  -0.0180    0.536
   143 -18.6110   3.0000   3.0763  -0.1540   0.0107  -0.0513  -0.0513  -0.0002   0.0000   0.0113  -0.0241    0.469
   144 -19.5602   3.0000   3.0763  -0.2091   0.0072  -0.0697  -0.0697  -0.0003   0.0000   0.0134  -0.0308    0.442
   145 -20.5094   3.0000   3.0763  -0.2606   0.0049  -0.0869  -0.0869  -0.0003   0.0000   0.0158  -0.0375    0.432
   146 -21.4586   3.0000   3.0763  -0.3065   0.0027  -0.1022  -0.1022  -0.0004   0.0000   0.0185  -0.0440    0.431
   147 -22.4078   3.0000   3.0763  -0.3440   0.0003  -0.1147  -0.1147  -0.0005   0.0000   0.0211  -0.0498    0.434
   148 -23.3570   3.0000   3.0763  -0.3667  -0.0024  -0.1222  -0.1222  -0.0005   0.0000   0.0234  -0.0539    0.441
   149 -24.3062   3.0000   3.0763  -0.3589  -0.0043  -0.1196  -0.1196  -0.0004   0.0000   0.0243  -0.0542    0.453
   150 -25.2554   3.0000   3.0763  -0.2856  -0.0093  -0.0952  -0.0952  -0.0003   0.0000   0.0213  -0.0451    0.474
 ---------------------------------------------------------------
