 ---------------------------------------------------------------
 Surface and Strip Forces by surface

  Forces referred to Sref, Cref, Bref about Xref, Yref, Zref
 Standard axis orientation,  X fwd, Z down         

  Surface # 1     Wing                                    
     # Chordwise = 12   # Spanwise = 50     First strip =  1
     Surface area =  264.948608       Ave. chord =    5.145000
     CLsurf  =   0.20891     Clsurf  =  -0.04405
     CYsurf  =  -0.00706     Cmsurf  =  -1.25437
     CDsurf  =   0.00256     Cnsurf  =   0.00245
     CDisurf =   0.00256     CDvsurf =   0.00000

  Forces referred to Ssurf, Cave about hinge axis thru LE
     CLsurf  =   0.41789     CDsurf  =   0.00511
     Deflect =

 Strip Forces referred to Strip Area, Chord
    j      Yle    Chord     Area     c cl      ai      cl_norm  cl       cd       cdv    cm_c/4    cm_LE  C.P.x/c
     1   0.5146   7.3059   7.5245   3.1156   0.0235   0.4264   0.4264   0.0091   0.0000  -0.1294  -0.2359    0.553
     2   1.5440   7.2177   7.4337   3.1030   0.0224   0.4299   0.4299   0.0092   0.0000  -0.1299  -0.2373    0.552
     3   2.5733   7.1295   7.3429   3.0909   0.0230   0.4335   0.4335   0.0088   0.0000  -0.1300  -0.2383    0.550
     4   3.6026   7.0413   7.2520   3.0768   0.0244   0.4369   0.4369   0.0085   0.0000  -0.1299  -0.2391    0.547
     5   4.6319   6.9531   7.1612   3.0569   0.0257   0.4396   0.4396   0.0083   0.0000  -0.1298  -0.2396    0.545
     6   5.6611   6.8649   7.0703   3.0303   0.0268   0.4414   0.4414   0.0078   0.0000  -0.1297  -0.2400    0.544
     7   6.6904   6.7767   6.9795   2.9952   0.0277   0.4420   0.4420   0.0080   0.0000  -0.1296  -0.2401    0.543
     8   7.7197   6.6885   6.8887   2.9518   0.0282   0.4413   0.4413   0.0078   0.0000  -0.1295  -0.2398    0.543
     9   8.7491   6.6003   6.7978   2.9000   0.0285   0.4393   0.4393   0.0076   0.0000  -0.1293  -0.2391    0.544
    10   9.7783   6.5121   6.7070   2.8392   0.0285   0.4360   0.4360   0.0075   0.0000  -0.1289  -0.2379    0.546
    11  10.8076   6.4239   6.6161   2.7692   0.0280   0.4311   0.4311   0.0076   0.0000  -0.1285  -0.2362    0.548
    12  11.8370   6.3357   6.5253   2.6878   0.0267   0.4242   0.4242   0.0077   0.0000  -0.1281  -0.2341    0.552
    13  12.8663   6.2475   6.4345   2.5945   0.0240   0.4153   0.4153   0.0080   0.0000  -0.1279  -0.2317    0.558
    14  13.8956   6.1593   6.3436   2.4885   0.0189   0.4040   0.4040   0.0088   0.0000  -0.1289  -0.2298    0.569
    15  14.9248   6.0711   6.2528   2.3742   0.0124   0.3910   0.3910   0.0099   0.0000  -0.1314  -0.2291    0.586
    16  15.9542   5.9829   6.1619   2.2891   0.0103   0.3826   0.3826   0.0099   0.0000  -0.1302  -0.2258    0.590
    17  16.9834   5.8947   6.0711   2.2525   0.0150   0.3821   0.3821   0.0084   0.0000  -0.1243  -0.2198    0.575
    18  18.0128   5.8065   5.9803   2.2232   0.0201   0.3829   0.3829   0.0070   0.0000  -0.1204  -0.2160    0.564
    19  19.0420   5.7183   5.8894   2.1901   0.0226   0.3830   0.3830   0.0062   0.0000  -0.1178  -0.2135    0.558
    20  20.0714   5.6301   5.7986   2.1526   0.0229   0.3823   0.3823   0.0055   0.0000  -0.1157  -0.2112    0.553
    21  21.1006   5.5419   5.7077   2.1142   0.0220   0.3815   0.3815   0.0048   0.0000  -0.1136  -0.2090    0.548
    22  22.1300   5.4537   5.6169   2.0814   0.0207   0.3816   0.3816   0.0041   0.0000  -0.1117  -0.2071    0.543
    23  23.1592   5.3655   5.5261   2.0664   0.0207   0.3851   0.3851   0.0034   0.0000  -0.1106  -0.2068    0.537
    24  24.1886   5.2773   5.4352   2.0919   0.0271   0.3964   0.3964   0.0028   0.0000  -0.1116  -0.2106    0.532
    25  25.2178   5.1891   5.3444   2.2030   0.0553   0.4245   0.4245   0.0023   0.0000  -0.1176  -0.2237    0.527
    26  26.2472   5.1009   5.2536   2.4292  -0.0615   0.4762   0.4762   0.0025   0.0000  -0.1310  -0.2500    0.525
    27  27.2764   5.0127   5.1627   2.4586  -0.0016   0.4905   0.4905   0.0023   0.0000  -0.1345  -0.2571    0.524
    28  28.3058   4.9245   5.0719   2.4219   0.0037   0.4918   0.4918   0.0020   0.0000  -0.1351  -0.2580    0.525
    29  29.3350   4.8363   4.9810   2.3670   0.0051   0.4894   0.4894   0.0019   0.0000  -0.1352  -0.2575    0.526
    30  30.3643   4.7481   4.8902   2.3052   0.0058   0.4855   0.4855   0.0018   0.0000  -0.1352  -0.2565    0.528
    31  31.3937   4.6599   4.7994   2.2402   0.0061   0.4807   0.4807   0.0017   0.0000  -0.1351  -0.2553    0.531
    32  32.4230   4.5717   4.7085   2.1733   0.0062   0.4754   0.4754   0.0016   0.0000  -0.1350  -0.2538    0.534
    33  33.4523   4.4835   4.6177   2.1053   0.0062   0.4696   0.4696   0.0016   0.0000  -0.1349  -0.2523    0.537
    34  34.4815   4.3953   4.5268   2.0369   0.0061   0.4634   0.4634   0.0014   0.0000  -0.1348  -0.2506    0.541
    35  35.5108   4.3071   4.4360   1.9679   0.0060   0.4569   0.4569   0.0013   0.0000  -0.1347  -0.2488    0.545
    36  36.5401   4.2189   4.3452   1.8982   0.0059   0.4499   0.4499   0.0014   0.0000  -0.1345  -0.2469    0.549
    37  37.5695   4.1307   4.2543   1.8285   0.0059   0.4427   0.4427   0.0014   0.0000  -0.1343  -0.2449    0.553
    38  38.5987   4.0425   4.1635   1.7584   0.0058   0.4350   0.4350   0.0011   0.0000  -0.1342  -0.2429    0.559
    39  39.6280   3.9543   4.0726   1.6873   0.0058   0.4267   0.4267   0.0013   0.0000  -0.1340  -0.2406    0.564
    40  40.6574   3.8661   3.9818   1.6158   0.0058   0.4179   0.4179   0.0012   0.0000  -0.1339  -0.2383    0.570
    41  41.6866   3.7779   3.8910   1.5431   0.0059   0.4084   0.4084   0.0010   0.0000  -0.1337  -0.2357    0.577
    42  42.7160   3.6897   3.8001   1.4693   0.0062   0.3982   0.3982   0.0013   0.0000  -0.1335  -0.2330    0.585
    43  43.7453   3.6015   3.7093   1.3932   0.0065   0.3868   0.3868   0.0013   0.0000  -0.1333  -0.2299    0.595
    44  44.7746   3.5133   3.6184   1.3150   0.0071   0.3743   0.3743   0.0016   0.0000  -0.1330  -0.2265    0.605
    45  45.8038   3.4251   3.5276   1.2329   0.0080   0.3600   0.3600   0.0016   0.0000  -0.1326  -0.2225    0.618
    46  46.8331   3.3369   3.4368   1.1449   0.0093   0.3431   0.3431   0.0015   0.0000  -0.1319  -0.2176    0.634
    47  47.8624   3.2487   3.3459   1.0494   0.0115   0.3230   0.3230   0.0021   0.0000  -0.1307  -0.2115    0.655
    48  48.8918   3.1605   3.2551   0.9387   0.0151   0.2970   0.2970   0.0021   0.0000  -0.1283  -0.2025    0.682
    49  49.9211   3.0723   3.1642   0.7996   0.0216   0.2603   0.2603   0.0024   0.0000  -0.1223  -0.1873    0.720
    50  50.9504   2.9841   3.0734   0.5869   0.0353   0.1967   0.1967   0.0023   0.0000  -0.1036  -0.1527    0.777

  Surface # 2     Wing (YDUP)                             
     # Chordwise = 12   # Spanwise = 50     First strip = 51
     Surface area =  264.948608       Ave. chord =    5.145000
     CLsurf  =   0.20891     Clsurf  =   0.04405
     CYsurf  =   0.00706     Cmsurf  =  -1.25437
     CDsurf  =   0.00256     Cnsurf  =  -0.00245
     CDisurf =   0.00256     CDvsurf =   0.00000

  Forces referred to Ssurf, Cave about hinge axis thru LE
     CLsurf  =   0.41789     CDsurf  =   0.00511
     Deflect =

 Strip Forces referred to Strip Area, Chord
    j      Yle    Chord     Area     c cl      ai      cl_norm  cl       cd       cdv    cm_c/4    cm_LE  C.P.x/c
    51  -0.5146   7.3059   7.5245   3.1156   0.0235   0.4264   0.4264   0.0091   0.0000  -0.1294   0.2359    0.553
    52  -1.5440   7.2177   7.4337   3.1030   0.0224   0.4299   0.4299   0.0092   0.0000  -0.1299   0.2373    0.552
    53  -2.5733   7.1295   7.3429   3.0909   0.0230   0.4335   0.4335   0.0088   0.0000  -0.1300   0.2383    0.550
    54  -3.6026   7.0413   7.2520   3.0768   0.0244   0.4369   0.4369   0.0085   0.0000  -0.1299   0.2391    0.547
    55  -4.6319   6.9531   7.1612   3.0569   0.0257   0.4396   0.4396   0.0083   0.0000  -0.1298   0.2396    0.545
    56  -5.6611   6.8649   7.0703   3.0303   0.0268   0.4414   0.4414   0.0078   0.0000  -0.1297   0.2400    0.544
    57  -6.6904   6.7767   6.9795   2.9952   0.0277   0.4420   0.4420   0.0080   0.0000  -0.1296   0.2401    0.543
    58  -7.7197   6.6885   6.8887   2.9518   0.0282   0.4413   0.4413   0.0078   0.0000  -0.1295   0.2398    0.543
    59  -8.7491   6.6003   6.7978   2.9000   0.0285   0.4393   0.4393   0.0076   0.0000  -0.1293   0.2391    0.544
    60  -9.7783   6.5121   6.7070   2.8392   0.0285   0.4360   0.4360   0.0075   0.0000  -0.1289   0.2379    0.546
    61 -10.8076   6.4239   6.6161   2.7692   0.0280   0.4311   0.4311   0.0076   0.0000  -0.1285   0.2362    0.548
    62 -11.8370   6.3357   6.5253   2.6878   0.0267   0.4242   0.4242   0.0077   0.0000  -0.1281   0.2341    0.552
    63 -12.8663   6.2475   6.4345   2.5945   0.0240   0.4153   0.4153   0.0080   0.0000  -0.1279   0.2317    0.558
    64 -13.8956   6.1593   6.3436   2.4885   0.0189   0.4040   0.4040   0.0088   0.0000  -0.1289   0.2298    0.569
    65 -14.9248   6.0711   6.2528   2.3742   0.0124   0.3910   0.3910   0.0099   0.0000  -0.1314   0.2291    0.586
    66 -15.9542   5.9829   6.1619   2.2891   0.0103   0.3826   0.3826   0.0099   0.0000  -0.1302   0.2258    0.590
    67 -16.9834   5.8947   6.0711   2.2525   0.0150   0.3821   0.3821   0.0084   0.0000  -0.1243   0.2198    0.575
    68 -18.0128   5.8065   5.9803   2.2232   0.0201   0.3829   0.3829   0.0070   0.0000  -0.1204   0.2160    0.564
    69 -19.0420   5.7183   5.8894   2.1901   0.0226   0.3830   0.3830   0.0062   0.0000  -0.1178   0.2135    0.558
    70 -20.0714   5.6301   5.7986   2.1526   0.0229   0.3823   0.3823   0.0055   0.0000  -0.1157   0.2112    0.553
    71 -21.1006   5.5419   5.7077   2.1142   0.0220   0.3815   0.3815   0.0048   0.0000  -0.1136   0.2090    0.548
    72 -22.1300   5.4537   5.6169   2.0814   0.0207   0.3816   0.3816   0.0041   0.0000  -0.1117   0.2071    0.543
    73 -23.1592   5.3655   5.5261   2.0664   0.0207   0.3851   0.3851   0.0034   0.0000  -0.1106   0.2068    0.537
    74 -24.1886   5.2773   5.4352   2.0919   0.0271   0.3964   0.3964   0.0028   0.0000  -0.1116   0.2106    0.532
    75 -25.2178   5.1891   5.3444   2.2030   0.0553   0.4245   0.4245   0.0023   0.0000  -0.1176   0.2237    0.527
    76 -26.2472   5.1009   5.2536   2.4292  -0.0615   0.4762   0.4762   0.0025   0.0000  -0.1310   0.2500    0.525
    77 -27.2764   5.0127   5.1627   2.4586  -0.0016   0.4905   0.4905   0.0023   0.0000  -0.1345   0.2571    0.524
    78 -28.3058   4.9245   5.0719   2.4218   0.0037   0.4918   0.4918   0.0020   0.0000  -0.1351   0.2580    0.525
    79 -29.3350   4.8363   4.9810   2.3670   0.0051   0.4894   0.4894   0.0019   0.0000  -0.1352   0.2575    0.526
    80 -30.3643   4.7481   4.8902   2.3052   0.0058   0.4855   0.4855   0.0018   0.0000  -0.1352   0.2565    0.528
    81 -31.3937   4.6599   4.7994   2.2402   0.0061   0.4807   0.4807   0.0017   0.0000  -0.1351   0.2553    0.531
    82 -32.4230   4.5717   4.7085   2.1733   0.0062   0.4754   0.4754   0.0016   0.0000  -0.1350   0.2538    0.534
    83 -33.4523   4.4835   4.6177   2.1053   0.0062   0.4696   0.4696   0.0016   0.0000  -0.1349   0.2523    0.537
    84 -34.4815   4.3953   4.5268   2.0369   0.0061   0.4634   0.4634   0.0014   0.0000  -0.1348   0.2506    0.541
    85 -35.5108   4.3071   4.4360   1.9679   0.0060   0.4569   0.4569   0.0013   0.0000  -0.1347   0.2488    0.545
    86 -36.5401   4.2189   4.3452   1.8982   0.0059   0.4499   0.4499   0.0014   0.0000  -0.1345   0.2469    0.549
    87 -37.5695   4.1307   4.2543   1.8285   0.0059   0.4427   0.4427   0.0014   0.0000  -0.1343   0.2449    0.553
    88 -38.5987   4.0425   4.1635   1.7584   0.0058   0.4350   0.4350   0.0011   0.0000  -0.1342   0.2429    0.559
    89 -39.6280   3.9543   4.0726   1.6873   0.0058   0.4267   0.4267   0.0013   0.0000  -0.1340   0.2406    0.564
    90 -40.6574   3.8661   3.9818   1.6158   0.0058   0.4179   0.4179   0.0012   0.0000  -0.1339   0.2383    0.570
    91 -41.6866   3.7779   3.8910   1.5431   0.0059   0.4084   0.4084   0.0010   0.0000  -0.1337   0.2357    0.577
    92 -42.7160   3.6897   3.8001   1.4693   0.0062   0.3982   0.3982   0.0013   0.0000  -0.1335   0.2330    0.585
    93 -43.7453   3.6015   3.7093   1.3932   0.0065   0.3868   0.3868   0.0013   0.0000  -0.1333   0.2299    0.595
    94 -44.7746   3.5133   3.6184   1.3150   0.0071   0.3743   0.3743   0.0016   0.0000  -0.1330   0.2265    0.605
    95 -45.8038   3.4251   3.5276   1.2329   0.0080   0.3600   0.3600   0.0016   0.0000  -0.1326   0.2225    0.618
    96 -46.8331   3.3369   3.4368   1.1449   0.0093   0.3431   0.3431   0.0015   0.0000  -0.1319   0.2176    0.634
    97 -47.8624   3.2487   3.3459   1.0494   0.0115   0.3230   0.3230   0.0021   0.0000  -0.1307   0.2115    0.655
    98 -48.8918   3.1605   3.2551   0.9387   0.0151   0.2970   0.2970   0.0021   0.0000  -0.1283   0.2025    0.682
    99 -49.9211   3.0723   3.1642   0.7996   0.0216   0.2603   0.2603   0.0024   0.0000  -0.1223   0.1873    0.720
   100 -50.9504   2.9841   3.0734   0.5869   0.0353   0.1967   0.1967   0.0023   0.0000  -0.1036   0.1527    0.777

  Surface # 3     Strut                                   
     # Chordwise =  7   # Spanwise = 25     First strip =101
     Surface area =   76.907906       Ave. chord =    3.000000
     CLsurf  =   0.04869     Clsurf  =  -0.00703
     CYsurf  =  -0.01990     Cmsurf  =  -0.29122
     CDsurf  =   0.00046     Cnsurf  =   0.00636
     CDisurf =   0.00046     CDvsurf =   0.00000

  Forces referred to Ssurf, Cave about hinge axis thru LE
     CLsurf  =   0.36230     CDsurf  =   0.00314
     Deflect =

 Strip Forces referred to Strip Area, Chord
    j      Yle    Chord     Area     c cl      ai      cl_norm  cl       cd       cdv    cm_c/4    cm_LE  C.P.x/c
   101   2.4746   3.0000   3.0763   0.5180   0.0425   0.1726   0.1726   0.0022   0.0000  -0.0498  -0.0929    0.538
   102   3.4238   3.0000   3.0763   0.7044   0.0356   0.2348   0.2348   0.0025   0.0000  -0.0585  -0.1172    0.499
   103   4.3730   3.0000   3.0763   0.8144   0.0323   0.2714   0.2714   0.0024   0.0000  -0.0604  -0.1283    0.473
   104   5.3222   3.0000   3.0763   0.8888   0.0302   0.2963   0.2963   0.0023   0.0000  -0.0605  -0.1346    0.454
   105   6.2714   3.0000   3.0763   0.9432   0.0286   0.3144   0.3144   0.0022   0.0000  -0.0601  -0.1387    0.441
   106   7.2206   3.0000   3.0763   0.9859   0.0272   0.3286   0.3286   0.0022   0.0000  -0.0595  -0.1416    0.431
   107   8.1698   3.0000   3.0763   1.0224   0.0261   0.3408   0.3408   0.0023   0.0000  -0.0588  -0.1441    0.423
   108   9.1190   3.0000   3.0763   1.0563   0.0253   0.3521   0.3521   0.0024   0.0000  -0.0582  -0.1463    0.415
   109  10.0682   3.0000   3.0763   1.0903   0.0248   0.3634   0.3634   0.0026   0.0000  -0.0577  -0.1485    0.409
   110  11.0174   3.0000   3.0763   1.1268   0.0245   0.3756   0.3756   0.0027   0.0000  -0.0571  -0.1510    0.402
   111  11.9666   3.0000   3.0763   1.1677   0.0247   0.3892   0.3892   0.0027   0.0000  -0.0564  -0.1537    0.395
   112  12.9158   3.0000   3.0763   1.2149   0.0256   0.4050   0.4050   0.0027   0.0000  -0.0557  -0.1570    0.388
   113  13.8650   3.0000   3.0763   1.2696   0.0278   0.4232   0.4232   0.0025   0.0000  -0.0547  -0.1605    0.379
   114  14.8142   3.0000   3.0763   1.3295   0.0320   0.4432   0.4432   0.0022   0.0000  -0.0533  -0.1641    0.370
   115  15.7634   3.0000   3.0763   1.3837   0.0372   0.4612   0.4612   0.0019   0.0000  -0.0515  -0.1668    0.362
   116  16.7126   3.0000   3.0763   1.4098   0.0395   0.4699   0.4699   0.0018   0.0000  -0.0497  -0.1672    0.356
   117  17.6618   3.0000   3.0763   1.3962   0.0363   0.4654   0.4654   0.0022   0.0000  -0.0484  -0.1648    0.354
   118  18.6110   3.0000   3.0763   1.3574   0.0318   0.4525   0.4525   0.0028   0.0000  -0.0471  -0.1603    0.354
   119  19.5602   3.0000   3.0763   1.3103   0.0290   0.4367   0.4367   0.0035   0.0000  -0.0454  -0.1546    0.354
   120  20.5094   3.0000   3.0763   1.2603   0.0281   0.4201   0.4201   0.0040   0.0000  -0.0433  -0.1484    0.353
   121  21.4586   3.0000   3.0763   1.2054   0.0283   0.4018   0.4018   0.0046   0.0000  -0.0409  -0.1414    0.352
   122  22.4078   3.0000   3.0763   1.1379   0.0290   0.3793   0.3793   0.0052   0.0000  -0.0382  -0.1330    0.351
   123  23.3570   3.0000   3.0763   1.0438   0.0291   0.3479   0.3479   0.0059   0.0000  -0.0350  -0.1220    0.351
   124  24.3062   3.0000   3.0763   0.8963   0.0271   0.2988   0.2988   0.0065   0.0000  -0.0305  -0.1052    0.352
   125  25.2554   3.0000   3.0763   0.6395   0.0328   0.2131   0.2131   0.0060   0.0000  -0.0226  -0.0759    0.356

  Surface # 4     Strut (YDUP)                            
     # Chordwise =  7   # Spanwise = 25     First strip =126
     Surface area =   76.907906       Ave. chord =    3.000000
     CLsurf  =   0.04869     Clsurf  =   0.00703
     CYsurf  =   0.01990     Cmsurf  =  -0.29122
     CDsurf  =   0.00046     Cnsurf  =  -0.00636
     CDisurf =   0.00046     CDvsurf =   0.00000

  Forces referred to Ssurf, Cave about hinge axis thru LE
     CLsurf  =   0.36230     CDsurf  =   0.00314
     Deflect =

 Strip Forces referred to Strip Area, Chord
    j      Yle    Chord     Area     c cl      ai      cl_norm  cl       cd       cdv    cm_c/4    cm_LE  C.P.x/c
   126  -2.4746   3.0000   3.0763   0.5180   0.0425   0.1726   0.1726   0.0022   0.0000  -0.0498   0.0929    0.538
   127  -3.4238   3.0000   3.0763   0.7044   0.0356   0.2348   0.2348   0.0025   0.0000  -0.0585   0.1172    0.499
   128  -4.3730   3.0000   3.0763   0.8144   0.0323   0.2714   0.2714   0.0024   0.0000  -0.0604   0.1283    0.473
   129  -5.3222   3.0000   3.0763   0.8888   0.0302   0.2963   0.2963   0.0023   0.0000  -0.0605   0.1346    0.454
   130  -6.2714   3.0000   3.0763   0.9432   0.0286   0.3144   0.3144   0.0022   0.0000  -0.0601   0.1387    0.441
   131  -7.2206   3.0000   3.0763   0.9859   0.0272   0.3286   0.3286   0.0022   0.0000  -0.0595   0.1416    0.431
   132  -8.1698   3.0000   3.0763   1.0224   0.0261   0.3408   0.3408   0.0023   0.0000  -0.0588   0.1441    0.423
   133  -9.1190   3.0000   3.0763   1.0563   0.0253   0.3521   0.3521   0.0024   0.0000  -0.0582   0.1463    0.415
   134 -10.0682   3.0000   3.0763   1.0903   0.0248   0.3634   0.3634   0.0026   0.0000  -0.0577   0.1485    0.409
   135 -11.0174   3.0000   3.0763   1.1268   0.0245   0.3756   0.3756   0.0027   0.0000  -0.0571   0.1510    0.402
   136 -11.9666   3.0000   3.0763   1.1677   0.0247   0.3892   0.3892   0.0027   0.0000  -0.0564   0.1537    0.395
   137 -12.9158   3.0000   3.0763   1.2149   0.0256   0.4050   0.4050   0.0027   0.0000  -0.0557   0.1570    0.388
   138 -13.8650   3.0000   3.0763   1.2696   0.0278   0.4232   0.4232   0.0025   0.0000  -0.0547   0.1605    0.379
   139 -14.8142   3.0000   3.0763   1.3295   0.0320   0.4432   0.4432   0.0022   0.0000  -0.0533   0.1641    0.370
   140 -15.7634   3.0000   3.0763   1.3837   0.0372   0.4612   0.4612   0.0019   0.0000  -0.0515   0.1668    0.362
   141 -16.7126   3.0000   3.0763   1.4098   0.0395   0.4699   0.4699   0.0018   0.0000  -0.0497   0.1672    0.356
   142 -17.6618   3.0000   3.0763   1.3962   0.0363   0.4654   0.4654   0.0022   0.0000  -0.0484   0.1648    0.354
   143 -18.6110   3.0000   3.0763   1.3574   0.0318   0.4525   0.4525   0.0028   0.0000  -0.0471   0.1603    0.354
   144 -19.5602   3.0000   3.0763   1.3103   0.0290   0.4367   0.4367   0.0035   0.0000  -0.0454   0.1546    0.354
   145 -20.5094   3.0000   3.0763   1.2603   0.0281   0.4201   0.4201   0.0040   0.0000  -0.0433   0.1484    0.353
   146 -21.4586   3.0000   3.0763   1.2054   0.0283   0.4018   0.4018   0.0046   0.0000  -0.0409   0.1414    0.352
   147 -22.4078   3.0000   3.0763   1.1379   0.0290   0.3793   0.3793   0.0052   0.0000  -0.0382   0.1330    0.351
   148 -23.3570   3.0000   3.0763   1.0438   0.0291   0.3479   0.3479   0.0059   0.0000  -0.0350   0.1220    0.351
   149 -24.3062   3.0000   3.0763   0.8963   0.0271   0.2988   0.2988   0.0065   0.0000  -0.0305   0.1052    0.352
   150 -25.2554   3.0000   3.0763   0.6395   0.0328   0.2131   0.2131   0.0060   0.0000  -0.0226   0.0759    0.356
 ---------------------------------------------------------------
