 ---------------------------------------------------------------
 Surface and Strip Forces by surface

  Forces referred to Sref, Cref, Bref about Xref, Yref, Zref
 Standard axis orientation,  X fwd, Z down         

  Surface # 1     Wing                                    
     # Chordwise = 15   # Spanwise =100     First strip =  1
     Surface area =  264.948608       Ave. chord =    5.145000
     CLsurf  =   0.21882     Clsurf  =  -0.04550
     CYsurf  =  -0.00739     Cmsurf  =  -1.31241
     CDsurf  =   0.00244     Cnsurf  =   0.00256
     CDisurf =   0.00244     CDvsurf =   0.00000

  Forces referred to Ssurf, Cave about hinge axis thru LE
     CLsurf  =   0.43770     CDsurf  =   0.00487
     Deflect =

 Strip Forces referred to Strip Area, Chord
    j      Yle    Chord     Area     c cl      ai      cl_norm  cl       cd       cdv    cm_c/4    cm_LE  C.P.x/c
     1   0.2573   7.3280   3.7736   3.1709   0.0237   0.4327   0.4327   0.0084   0.0000  -0.1292  -0.2373    0.549
     2   0.7720   7.2838   3.7509   3.1616   0.0221   0.4340   0.4340   0.0082   0.0000  -0.1296  -0.2381    0.549
     3   1.2866   7.2397   3.7282   3.1559   0.0215   0.4359   0.4359   0.0093   0.0000  -0.1299  -0.2389    0.548
     4   1.8013   7.1957   3.7055   3.1503   0.0215   0.4378   0.4378   0.0091   0.0000  -0.1301  -0.2395    0.547
     5   2.3159   7.1515   3.6828   3.1474   0.0218   0.4401   0.4401   0.0085   0.0000  -0.1301  -0.2401    0.546
     6   2.8306   7.1075   3.6601   3.1478   0.0223   0.4429   0.4429   0.0084   0.0000  -0.1303  -0.2409    0.544
     7   3.3452   7.0633   3.6374   3.1384   0.0229   0.4443   0.4443   0.0079   0.0000  -0.1300  -0.2411    0.543
     8   3.8599   7.0192   3.6147   3.1355   0.0235   0.4467   0.4467   0.0085   0.0000  -0.1301  -0.2417    0.541
     9   4.3745   6.9752   3.5919   3.1282   0.0241   0.4485   0.4485   0.0078   0.0000  -0.1301  -0.2422    0.540
    10   4.8892   6.9310   3.5692   3.1233   0.0246   0.4506   0.4506   0.0081   0.0000  -0.1301  -0.2427    0.539
    11   5.4038   6.8870   3.5465   3.1156   0.0251   0.4524   0.4524   0.0075   0.0000  -0.1302  -0.2433    0.538
    12   5.9185   6.8428   3.5238   3.1037   0.0254   0.4535   0.4535   0.0075   0.0000  -0.1302  -0.2435    0.537
    13   6.4331   6.7987   3.5011   3.0933   0.0258   0.4550   0.4550   0.0068   0.0000  -0.1303  -0.2439    0.536
    14   6.9478   6.7547   3.4784   3.0796   0.0260   0.4559   0.4559   0.0071   0.0000  -0.1303  -0.2442    0.536
    15   7.4624   6.7105   3.4557   3.0646   0.0261   0.4567   0.4567   0.0073   0.0000  -0.1303  -0.2444    0.535
    16   7.9771   6.6665   3.4330   3.0470   0.0262   0.4570   0.4570   0.0071   0.0000  -0.1303  -0.2445    0.535
    17   8.4917   6.6223   3.4103   3.0316   0.0262   0.4578   0.4578   0.0067   0.0000  -0.1304  -0.2448    0.535
    18   9.0064   6.5782   3.3876   3.0118   0.0261   0.4578   0.4578   0.0073   0.0000  -0.1304  -0.2448    0.535
    19   9.5210   6.5342   3.3648   2.9853   0.0259   0.4569   0.4569   0.0065   0.0000  -0.1303  -0.2444    0.535
    20  10.0357   6.4900   3.3421   2.9649   0.0257   0.4568   0.4568   0.0068   0.0000  -0.1303  -0.2445    0.535
    21  10.5503   6.4460   3.3194   2.9413   0.0253   0.4563   0.4563   0.0068   0.0000  -0.1303  -0.2444    0.536
    22  11.0650   6.4018   3.2967   2.9125   0.0247   0.4549   0.4549   0.0067   0.0000  -0.1302  -0.2439    0.536
    23  11.5796   6.3577   3.2740   2.8831   0.0239   0.4535   0.4535   0.0069   0.0000  -0.1302  -0.2436    0.537
    24  12.0943   6.3137   3.2513   2.8515   0.0228   0.4516   0.4516   0.0067   0.0000  -0.1303  -0.2432    0.539
    25  12.6089   6.2695   3.2286   2.8171   0.0213   0.4493   0.4493   0.0070   0.0000  -0.1305  -0.2427    0.540
    26  13.1236   6.2255   3.2059   2.7828   0.0192   0.4470   0.4470   0.0072   0.0000  -0.1310  -0.2427    0.543
    27  13.6382   6.1814   3.1832   2.7446   0.0165   0.4440   0.4440   0.0075   0.0000  -0.1317  -0.2427    0.547
    28  14.1529   6.1372   3.1605   2.6996   0.0133   0.4398   0.4398   0.0081   0.0000  -0.1328  -0.2428    0.552
    29  14.6675   6.0932   3.1377   2.6590   0.0098   0.4364   0.4364   0.0087   0.0000  -0.1345  -0.2436    0.558
    30  15.1822   6.0490   3.1150   2.6212   0.0071   0.4333   0.4333   0.0091   0.0000  -0.1358  -0.2441    0.563
    31  15.6968   6.0050   3.0923   2.5955   0.0058   0.4322   0.4322   0.0088   0.0000  -0.1357  -0.2437    0.564
    32  16.2115   5.9608   3.0696   2.5821   0.0066   0.4331   0.4331   0.0084   0.0000  -0.1339  -0.2421    0.559
    33  16.7261   5.9167   3.0469   2.5764   0.0089   0.4354   0.4354   0.0078   0.0000  -0.1315  -0.2403    0.552
    34  17.2408   5.8727   3.0242   2.5752   0.0118   0.4385   0.4385   0.0068   0.0000  -0.1296  -0.2392    0.546
    35  17.7554   5.8285   3.0015   2.5748   0.0144   0.4417   0.4417   0.0060   0.0000  -0.1283  -0.2387    0.540
    36  18.2701   5.7845   2.9788   2.5762   0.0163   0.4453   0.4453   0.0056   0.0000  -0.1276  -0.2388    0.536
    37  18.7847   5.7403   2.9561   2.5735   0.0176   0.4483   0.4483   0.0053   0.0000  -0.1270  -0.2391    0.533
    38  19.2994   5.6962   2.9334   2.5697   0.0183   0.4511   0.4511   0.0048   0.0000  -0.1267  -0.2395    0.531
    39  19.8140   5.6522   2.9106   2.5674   0.0185   0.4542   0.4542   0.0043   0.0000  -0.1266  -0.2401    0.529
    40  20.3287   5.6080   2.8879   2.5619   0.0184   0.4568   0.4568   0.0040   0.0000  -0.1264  -0.2406    0.527
    41  20.8433   5.5640   2.8652   2.5557   0.0180   0.4593   0.4593   0.0037   0.0000  -0.1263  -0.2411    0.525
    42  21.3580   5.5198   2.8425   2.5491   0.0175   0.4618   0.4618   0.0032   0.0000  -0.1263  -0.2417    0.523
    43  21.8726   5.4757   2.8198   2.5413   0.0169   0.4641   0.4641   0.0034   0.0000  -0.1262  -0.2422    0.522
    44  22.3873   5.4317   2.7971   2.5331   0.0162   0.4664   0.4664   0.0029   0.0000  -0.1262  -0.2427    0.521
    45  22.9019   5.3875   2.7744   2.5238   0.0155   0.4684   0.4684   0.0030   0.0000  -0.1262  -0.2433    0.519
    46  23.4166   5.3435   2.7517   2.5139   0.0145   0.4705   0.4705   0.0026   0.0000  -0.1263  -0.2438    0.518
    47  23.9312   5.2993   2.7290   2.5036   0.0146   0.4724   0.4724   0.0025   0.0000  -0.1265  -0.2445    0.518
    48  24.4459   5.2552   2.7063   2.4943   0.0133   0.4746   0.4746   0.0024   0.0000  -0.1270  -0.2456    0.517
    49  24.9605   5.2111   2.6836   2.4856   0.0127   0.4770   0.4770   0.0020   0.0000  -0.1279  -0.2471    0.518
    50  25.4752   5.1670   2.6608   2.4783   0.0329   0.4796   0.4796   0.0022   0.0000  -0.1295  -0.2494    0.520
    51  25.9898   5.1230   2.6381   2.4755  -0.0168   0.4832   0.4832   0.0029   0.0000  -0.1321  -0.2529    0.523
    52  26.5045   5.0789   2.6154   2.4637   0.0019   0.4851   0.4851   0.0029   0.0000  -0.1338  -0.2550    0.526
    53  27.0191   5.0347   2.5927   2.4420   0.0054   0.4850   0.4850   0.0029   0.0000  -0.1345  -0.2557    0.527
    54  27.5338   4.9907   2.5700   2.4171   0.0064   0.4843   0.4843   0.0029   0.0000  -0.1347  -0.2557    0.528
    55  28.0484   4.9465   2.5473   2.3911   0.0070   0.4834   0.4834   0.0023   0.0000  -0.1348  -0.2556    0.529
    56  28.5631   4.9025   2.5246   2.3645   0.0074   0.4823   0.4823   0.0029   0.0000  -0.1348  -0.2554    0.530
    57  29.0777   4.8583   2.5019   2.3353   0.0077   0.4807   0.4807   0.0028   0.0000  -0.1348  -0.2549    0.530
    58  29.5924   4.8142   2.4792   2.3060   0.0080   0.4790   0.4790   0.0023   0.0000  -0.1348  -0.2545    0.531
    59  30.1070   4.7702   2.4565   2.2770   0.0081   0.4773   0.4773   0.0026   0.0000  -0.1348  -0.2541    0.532
    60  30.6217   4.7260   2.4338   2.2470   0.0083   0.4754   0.4754   0.0020   0.0000  -0.1348  -0.2536    0.534
    61  31.1363   4.6820   2.4110   2.2156   0.0083   0.4732   0.4732   0.0022   0.0000  -0.1348  -0.2531    0.535
    62  31.6510   4.6378   2.3883   2.1852   0.0083   0.4712   0.4712   0.0020   0.0000  -0.1348  -0.2525    0.536
    63  32.1656   4.5938   2.3656   2.1533   0.0083   0.4687   0.4687   0.0021   0.0000  -0.1348  -0.2519    0.538
    64  32.6803   4.5497   2.3429   2.1226   0.0083   0.4665   0.4665   0.0019   0.0000  -0.1348  -0.2514    0.539
    65  33.1949   4.5055   2.3202   2.0890   0.0082   0.4637   0.4637   0.0021   0.0000  -0.1347  -0.2505    0.540
    66  33.7096   4.4615   2.2975   2.0573   0.0081   0.4611   0.4611   0.0023   0.0000  -0.1347  -0.2499    0.542
    67  34.2242   4.4173   2.2748   2.0264   0.0080   0.4587   0.4587   0.0026   0.0000  -0.1347  -0.2493    0.544
    68  34.7389   4.3733   2.2521   1.9915   0.0079   0.4554   0.4554   0.0019   0.0000  -0.1346  -0.2484    0.546
    69  35.2535   4.3292   2.2293   1.9593   0.0078   0.4526   0.4526   0.0018   0.0000  -0.1345  -0.2476    0.547
    70  35.7682   4.2851   2.2067   1.9261   0.0077   0.4495   0.4495   0.0015   0.0000  -0.1344  -0.2468    0.549
    71  36.2828   4.2410   2.1839   1.8920   0.0076   0.4461   0.4461   0.0020   0.0000  -0.1344  -0.2458    0.551
    72  36.7975   4.1969   2.1612   1.8580   0.0075   0.4427   0.4427   0.0021   0.0000  -0.1342  -0.2449    0.553
    73  37.3121   4.1528   2.1385   1.8261   0.0074   0.4397   0.4397   0.0018   0.0000  -0.1343  -0.2442    0.555
    74  37.8268   4.1086   2.1158   1.7926   0.0073   0.4363   0.4363   0.0020   0.0000  -0.1342  -0.2432    0.558
    75  38.3414   4.0645   2.0931   1.7577   0.0073   0.4325   0.4325   0.0017   0.0000  -0.1341  -0.2422    0.560
    76  38.8561   4.0205   2.0704   1.7208   0.0072   0.4280   0.4280   0.0024   0.0000  -0.1339  -0.2408    0.563
    77  39.3707   3.9764   2.0477   1.6865   0.0071   0.4241   0.4241   0.0026   0.0000  -0.1338  -0.2398    0.565
    78  39.8854   3.9323   2.0250   1.6541   0.0071   0.4206   0.4206   0.0011   0.0000  -0.1338  -0.2389    0.568
    79  40.4000   3.8881   2.0023   1.6184   0.0071   0.4162   0.4162   0.0029   0.0000  -0.1337  -0.2377    0.571
    80  40.9147   3.8440   1.9795   1.5837   0.0071   0.4120   0.4120   0.0023   0.0000  -0.1337  -0.2366    0.574
    81  41.4293   3.7999   1.9568   1.5461   0.0071   0.4069   0.4069   0.0011   0.0000  -0.1335  -0.2352    0.578
    82  41.9440   3.7559   1.9341   1.5110   0.0072   0.4023   0.4023   0.0020   0.0000  -0.1334  -0.2340    0.582
    83  42.4586   3.7118   1.9114   1.4738   0.0072   0.3971   0.3971   0.0021   0.0000  -0.1333  -0.2325    0.586
    84  42.9733   3.6676   1.8887   1.4360   0.0074   0.3915   0.3915   0.0015   0.0000  -0.1331  -0.2309    0.590
    85  43.4879   3.6235   1.8660   1.4002   0.0075   0.3864   0.3864   0.0022   0.0000  -0.1331  -0.2297    0.594
    86  44.0026   3.5795   1.8433   1.3607   0.0077   0.3801   0.3801   0.0021   0.0000  -0.1329  -0.2279    0.600
    87  44.5172   3.5353   1.8206   1.3235   0.0080   0.3744   0.3744   0.0015   0.0000  -0.1328  -0.2263    0.605
    88  45.0319   3.4913   1.7979   1.2832   0.0083   0.3675   0.3675   0.0019   0.0000  -0.1326  -0.2244    0.611
    89  45.5465   3.4471   1.7752   1.2430   0.0088   0.3606   0.3606   0.0018   0.0000  -0.1324  -0.2225    0.617
    90  46.0612   3.4031   1.7524   1.2012   0.0093   0.3530   0.3530   0.0022   0.0000  -0.1321  -0.2203    0.624
    91  46.5758   3.3590   1.7297   1.1564   0.0100   0.3443   0.3443   0.0023   0.0000  -0.1317  -0.2177    0.633
    92  47.0905   3.3148   1.7070   1.1101   0.0109   0.3349   0.3349   0.0027   0.0000  -0.1312  -0.2149    0.642
    93  47.6051   3.2708   1.6843   1.0634   0.0119   0.3251   0.3251   0.0023   0.0000  -0.1307  -0.2119    0.652
    94  48.1198   3.2266   1.6616   1.0077   0.0134   0.3123   0.3123   0.0030   0.0000  -0.1295  -0.2076    0.665
    95  48.6344   3.1825   1.6389   0.9528   0.0152   0.2994   0.2994   0.0026   0.0000  -0.1283  -0.2031    0.679
    96  49.1491   3.1385   1.6162   0.8912   0.0177   0.2839   0.2839   0.0025   0.0000  -0.1262  -0.1972    0.695
    97  49.6637   3.0944   1.5935   0.8185   0.0212   0.2645   0.2645   0.0034   0.0000  -0.1229  -0.1890    0.715
    98  50.1784   3.0503   1.5708   0.7320   0.0261   0.2400   0.2400   0.0023   0.0000  -0.1172  -0.1771    0.738
    99  50.6930   3.0062   1.5481   0.6173   0.0334   0.2053   0.2053   0.0024   0.0000  -0.1064  -0.1577    0.768
   100  51.2077   2.9620   1.5253   0.4397   0.0454   0.1484   0.1484   0.0022   0.0000  -0.0829  -0.1200    0.808

  Surface # 2     Wing (YDUP)                             
     # Chordwise = 15   # Spanwise =100     First strip =101
     Surface area =  264.948608       Ave. chord =    5.145000
     CLsurf  =   0.21881     Clsurf  =   0.04550
     CYsurf  =   0.00739     Cmsurf  =  -1.31241
     CDsurf  =   0.00244     Cnsurf  =  -0.00256
     CDisurf =   0.00244     CDvsurf =   0.00000

  Forces referred to Ssurf, Cave about hinge axis thru LE
     CLsurf  =   0.43770     CDsurf  =   0.00487
     Deflect =

 Strip Forces referred to Strip Area, Chord
    j      Yle    Chord     Area     c cl      ai      cl_norm  cl       cd       cdv    cm_c/4    cm_LE  C.P.x/c
   101  -0.2573   7.3280   3.7736   3.1709   0.0237   0.4327   0.4327   0.0084   0.0000  -0.1292   0.2373    0.549
   102  -0.7720   7.2838   3.7509   3.1616   0.0221   0.4340   0.4340   0.0082   0.0000  -0.1296   0.2381    0.549
   103  -1.2866   7.2397   3.7282   3.1559   0.0215   0.4359   0.4359   0.0093   0.0000  -0.1299   0.2389    0.548
   104  -1.8013   7.1957   3.7055   3.1503   0.0215   0.4378   0.4378   0.0091   0.0000  -0.1301   0.2395    0.547
   105  -2.3159   7.1515   3.6828   3.1474   0.0218   0.4401   0.4401   0.0085   0.0000  -0.1301   0.2401    0.546
   106  -2.8306   7.1075   3.6601   3.1478   0.0223   0.4429   0.4429   0.0084   0.0000  -0.1303   0.2409    0.544
   107  -3.3452   7.0633   3.6374   3.1384   0.0229   0.4443   0.4443   0.0079   0.0000  -0.1300   0.2411    0.543
   108  -3.8599   7.0192   3.6147   3.1355   0.0235   0.4467   0.4467   0.0085   0.0000  -0.1301   0.2417    0.541
   109  -4.3745   6.9752   3.5919   3.1282   0.0241   0.4485   0.4485   0.0078   0.0000  -0.1301   0.2422    0.540
   110  -4.8892   6.9310   3.5692   3.1233   0.0246   0.4506   0.4506   0.0081   0.0000  -0.1301   0.2427    0.539
   111  -5.4038   6.8870   3.5465   3.1156   0.0251   0.4524   0.4524   0.0075   0.0000  -0.1302   0.2433    0.538
   112  -5.9185   6.8428   3.5238   3.1037   0.0254   0.4535   0.4535   0.0075   0.0000  -0.1302   0.2435    0.537
   113  -6.4331   6.7987   3.5011   3.0932   0.0258   0.4550   0.4550   0.0068   0.0000  -0.1303   0.2439    0.536
   114  -6.9478   6.7547   3.4784   3.0795   0.0260   0.4559   0.4559   0.0071   0.0000  -0.1303   0.2442    0.536
   115  -7.4624   6.7105   3.4557   3.0646   0.0261   0.4567   0.4567   0.0073   0.0000  -0.1303   0.2444    0.535
   116  -7.9771   6.6665   3.4330   3.0470   0.0262   0.4570   0.4570   0.0071   0.0000  -0.1303   0.2445    0.535
   117  -8.4917   6.6223   3.4103   3.0316   0.0262   0.4578   0.4578   0.0067   0.0000  -0.1304   0.2448    0.535
   118  -9.0064   6.5782   3.3876   3.0118   0.0261   0.4578   0.4578   0.0073   0.0000  -0.1304   0.2448    0.535
   119  -9.5210   6.5342   3.3648   2.9853   0.0259   0.4569   0.4569   0.0065   0.0000  -0.1303   0.2444    0.535
   120 -10.0357   6.4900   3.3421   2.9650   0.0257   0.4568   0.4568   0.0068   0.0000  -0.1303   0.2445    0.535
   121 -10.5503   6.4460   3.3194   2.9413   0.0253   0.4563   0.4563   0.0068   0.0000  -0.1303   0.2444    0.536
   122 -11.0650   6.4018   3.2967   2.9125   0.0247   0.4549   0.4549   0.0067   0.0000  -0.1302   0.2439    0.536
   123 -11.5796   6.3577   3.2740   2.8831   0.0239   0.4535   0.4535   0.0069   0.0000  -0.1302   0.2436    0.537
   124 -12.0943   6.3137   3.2513   2.8515   0.0228   0.4516   0.4516   0.0067   0.0000  -0.1303   0.2432    0.539
   125 -12.6089   6.2695   3.2286   2.8171   0.0213   0.4493   0.4493   0.0070   0.0000  -0.1305   0.2427    0.540
   126 -13.1236   6.2255   3.2059   2.7828   0.0192   0.4470   0.4470   0.0072   0.0000  -0.1310   0.2427    0.543
   127 -13.6382   6.1814   3.1832   2.7446   0.0165   0.4440   0.4440   0.0075   0.0000  -0.1317   0.2427    0.547
   128 -14.1529   6.1372   3.1605   2.6995   0.0133   0.4398   0.4398   0.0081   0.0000  -0.1328   0.2428    0.552
   129 -14.6675   6.0932   3.1377   2.6589   0.0098   0.4364   0.4364   0.0087   0.0000  -0.1345   0.2436    0.558
   130 -15.1822   6.0490   3.1150   2.6212   0.0071   0.4333   0.4333   0.0090   0.0000  -0.1358   0.2441    0.563
   131 -15.6968   6.0050   3.0923   2.5955   0.0058   0.4322   0.4322   0.0088   0.0000  -0.1357   0.2437    0.564
   132 -16.2115   5.9608   3.0696   2.5821   0.0066   0.4331   0.4331   0.0084   0.0000  -0.1339   0.2421    0.559
   133 -16.7261   5.9167   3.0469   2.5764   0.0089   0.4354   0.4354   0.0078   0.0000  -0.1315   0.2403    0.552
   134 -17.2408   5.8727   3.0242   2.5751   0.0118   0.4385   0.4385   0.0067   0.0000  -0.1296   0.2391    0.546
   135 -17.7554   5.8285   3.0015   2.5748   0.0144   0.4417   0.4417   0.0060   0.0000  -0.1283   0.2387    0.540
   136 -18.2701   5.7845   2.9788   2.5762   0.0163   0.4453   0.4453   0.0056   0.0000  -0.1276   0.2388    0.536
   137 -18.7847   5.7403   2.9561   2.5735   0.0176   0.4483   0.4483   0.0053   0.0000  -0.1270   0.2391    0.533
   138 -19.2994   5.6962   2.9334   2.5697   0.0183   0.4511   0.4511   0.0048   0.0000  -0.1267   0.2395    0.531
   139 -19.8140   5.6522   2.9106   2.5674   0.0185   0.4542   0.4542   0.0043   0.0000  -0.1266   0.2401    0.529
   140 -20.3287   5.6080   2.8879   2.5619   0.0184   0.4568   0.4568   0.0040   0.0000  -0.1264   0.2406    0.527
   141 -20.8433   5.5640   2.8652   2.5557   0.0180   0.4593   0.4593   0.0037   0.0000  -0.1263   0.2411    0.525
   142 -21.3580   5.5198   2.8425   2.5491   0.0175   0.4618   0.4618   0.0032   0.0000  -0.1263   0.2417    0.523
   143 -21.8726   5.4757   2.8198   2.5412   0.0169   0.4641   0.4641   0.0034   0.0000  -0.1262   0.2422    0.522
   144 -22.3873   5.4317   2.7971   2.5331   0.0162   0.4664   0.4664   0.0030   0.0000  -0.1262   0.2427    0.521
   145 -22.9019   5.3875   2.7744   2.5238   0.0155   0.4684   0.4684   0.0030   0.0000  -0.1262   0.2433    0.519
   146 -23.4166   5.3435   2.7517   2.5139   0.0145   0.4705   0.4705   0.0026   0.0000  -0.1263   0.2438    0.518
   147 -23.9312   5.2993   2.7290   2.5036   0.0146   0.4724   0.4724   0.0025   0.0000  -0.1265   0.2445    0.518
   148 -24.4459   5.2552   2.7063   2.4943   0.0133   0.4746   0.4746   0.0024   0.0000  -0.1270   0.2456    0.517
   149 -24.9605   5.2111   2.6836   2.4855   0.0127   0.4770   0.4770   0.0020   0.0000  -0.1279   0.2471    0.518
   150 -25.4752   5.1670   2.6608   2.4783   0.0329   0.4796   0.4796   0.0022   0.0000  -0.1295   0.2494    0.520
   151 -25.9898   5.1230   2.6381   2.4756  -0.0168   0.4832   0.4832   0.0029   0.0000  -0.1321   0.2529    0.523
   152 -26.5045   5.0789   2.6154   2.4637   0.0019   0.4851   0.4851   0.0029   0.0000  -0.1338   0.2550    0.526
   153 -27.0191   5.0347   2.5927   2.4421   0.0054   0.4850   0.4850   0.0029   0.0000  -0.1345   0.2557    0.527
   154 -27.5338   4.9907   2.5700   2.4171   0.0064   0.4843   0.4843   0.0029   0.0000  -0.1347   0.2557    0.528
   155 -28.0484   4.9465   2.5473   2.3911   0.0070   0.4834   0.4834   0.0023   0.0000  -0.1348   0.2556    0.529
   156 -28.5631   4.9025   2.5246   2.3645   0.0074   0.4823   0.4823   0.0029   0.0000  -0.1348   0.2554    0.530
   157 -29.0777   4.8583   2.5019   2.3353   0.0077   0.4807   0.4807   0.0027   0.0000  -0.1348   0.2549    0.530
   158 -29.5924   4.8142   2.4792   2.3060   0.0080   0.4790   0.4790   0.0023   0.0000  -0.1348   0.2545    0.531
   159 -30.1070   4.7702   2.4565   2.2770   0.0081   0.4773   0.4773   0.0026   0.0000  -0.1348   0.2541    0.532
   160 -30.6217   4.7260   2.4338   2.2470   0.0083   0.4754   0.4754   0.0020   0.0000  -0.1348   0.2536    0.534
   161 -31.1363   4.6820   2.4110   2.2156   0.0083   0.4732   0.4732   0.0022   0.0000  -0.1348   0.2531    0.535
   162 -31.6510   4.6378   2.3883   2.1852   0.0083   0.4712   0.4712   0.0020   0.0000  -0.1348   0.2525    0.536
   163 -32.1656   4.5938   2.3656   2.1533   0.0083   0.4687   0.4687   0.0021   0.0000  -0.1348   0.2519    0.538
   164 -32.6803   4.5497   2.3429   2.1226   0.0083   0.4665   0.4665   0.0019   0.0000  -0.1348   0.2514    0.539
   165 -33.1949   4.5055   2.3202   2.0891   0.0082   0.4637   0.4637   0.0021   0.0000  -0.1347   0.2506    0.540
   166 -33.7096   4.4615   2.2975   2.0573   0.0081   0.4611   0.4611   0.0023   0.0000  -0.1347   0.2499    0.542
   167 -34.2242   4.4173   2.2748   2.0264   0.0080   0.4587   0.4587   0.0027   0.0000  -0.1347   0.2493    0.544
   168 -34.7389   4.3733   2.2521   1.9915   0.0079   0.4554   0.4554   0.0019   0.0000  -0.1346   0.2484    0.546
   169 -35.2535   4.3292   2.2293   1.9593   0.0078   0.4526   0.4526   0.0018   0.0000  -0.1345   0.2476    0.547
   170 -35.7682   4.2851   2.2067   1.9261   0.0077   0.4495   0.4495   0.0015   0.0000  -0.1344   0.2468    0.549
   171 -36.2828   4.2410   2.1839   1.8920   0.0076   0.4461   0.4461   0.0020   0.0000  -0.1344   0.2458    0.551
   172 -36.7975   4.1969   2.1612   1.8580   0.0075   0.4427   0.4427   0.0021   0.0000  -0.1342   0.2449    0.553
   173 -37.3121   4.1528   2.1385   1.8261   0.0074   0.4397   0.4397   0.0018   0.0000  -0.1343   0.2442    0.555
   174 -37.8268   4.1086   2.1158   1.7926   0.0073   0.4363   0.4363   0.0020   0.0000  -0.1342   0.2432    0.558
   175 -38.3414   4.0645   2.0931   1.7577   0.0073   0.4325   0.4325   0.0017   0.0000  -0.1341   0.2422    0.560
   176 -38.8561   4.0205   2.0704   1.7208   0.0072   0.4280   0.4280   0.0024   0.0000  -0.1339   0.2408    0.563
   177 -39.3707   3.9764   2.0477   1.6865   0.0071   0.4241   0.4241   0.0026   0.0000  -0.1338   0.2398    0.565
   178 -39.8854   3.9323   2.0250   1.6541   0.0071   0.4206   0.4206   0.0011   0.0000  -0.1338   0.2389    0.568
   179 -40.4000   3.8881   2.0023   1.6184   0.0071   0.4162   0.4162   0.0029   0.0000  -0.1337   0.2377    0.571
   180 -40.9147   3.8440   1.9795   1.5837   0.0071   0.4120   0.4120   0.0023   0.0000  -0.1337   0.2366    0.574
   181 -41.4293   3.7999   1.9568   1.5461   0.0071   0.4069   0.4069   0.0011   0.0000  -0.1335   0.2352    0.578
   182 -41.9440   3.7559   1.9341   1.5110   0.0072   0.4023   0.4023   0.0020   0.0000  -0.1334   0.2340    0.582
   183 -42.4586   3.7118   1.9114   1.4738   0.0072   0.3971   0.3971   0.0021   0.0000  -0.1333   0.2325    0.586
   184 -42.9733   3.6676   1.8887   1.4360   0.0074   0.3915   0.3915   0.0015   0.0000  -0.1331   0.2309    0.590
   185 -43.4879   3.6235   1.8660   1.4002   0.0075   0.3864   0.3864   0.0022   0.0000  -0.1331   0.2297    0.594
   186 -44.0026   3.5795   1.8433   1.3607   0.0077   0.3801   0.3801   0.0021   0.0000  -0.1329   0.2279    0.600
   187 -44.5172   3.5353   1.8206   1.3235   0.0080   0.3744   0.3744   0.0015   0.0000  -0.1328   0.2263    0.605
   188 -45.0319   3.4913   1.7979   1.2832   0.0083   0.3675   0.3675   0.0018   0.0000  -0.1326   0.2244    0.611
   189 -45.5465   3.4471   1.7752   1.2430   0.0088   0.3606   0.3606   0.0018   0.0000  -0.1324   0.2225    0.617
   190 -46.0612   3.4031   1.7524   1.2012   0.0093   0.3530   0.3530   0.0022   0.0000  -0.1321   0.2203    0.624
   191 -46.5758   3.3590   1.7297   1.1564   0.0100   0.3443   0.3443   0.0023   0.0000  -0.1317   0.2177    0.633
   192 -47.0905   3.3148   1.7070   1.1101   0.0109   0.3349   0.3349   0.0027   0.0000  -0.1312   0.2149    0.642
   193 -47.6051   3.2708   1.6843   1.0634   0.0119   0.3251   0.3251   0.0023   0.0000  -0.1307   0.2119    0.652
   194 -48.1198   3.2266   1.6616   1.0077   0.0134   0.3123   0.3123   0.0030   0.0000  -0.1295   0.2076    0.665
   195 -48.6344   3.1825   1.6389   0.9528   0.0152   0.2994   0.2994   0.0026   0.0000  -0.1283   0.2031    0.679
   196 -49.1491   3.1385   1.6162   0.8912   0.0177   0.2840   0.2840   0.0025   0.0000  -0.1263   0.1972    0.695
   197 -49.6637   3.0944   1.5935   0.8185   0.0212   0.2645   0.2645   0.0034   0.0000  -0.1229   0.1890    0.715
   198 -50.1784   3.0503   1.5708   0.7320   0.0261   0.2400   0.2400   0.0023   0.0000  -0.1172   0.1771    0.738
   199 -50.6930   3.0062   1.5481   0.6173   0.0334   0.2053   0.2053   0.0024   0.0000  -0.1064   0.1577    0.768
   200 -51.2077   2.9620   1.5253   0.4397   0.0454   0.1484   0.1484   0.0022   0.0000  -0.0829   0.1200    0.808

  Surface # 3     Strut                                   
     # Chordwise =  7   # Spanwise = 20     First strip =201
     Surface area =   76.794899       Ave. chord =    3.000000
     CLsurf  =   0.02516     Clsurf  =  -0.00301
     CYsurf  =  -0.01018     Cmsurf  =  -0.15225
     CDsurf  =   0.00025     Cnsurf  =   0.00329
     CDisurf =   0.00025     CDvsurf =   0.00000

  Forces referred to Ssurf, Cave about hinge axis thru LE
     CLsurf  =   0.18717     CDsurf  =   0.00175
     Deflect =

 Strip Forces referred to Strip Area, Chord
    j      Yle    Chord     Area     c cl      ai      cl_norm  cl       cd       cdv    cm_c/4    cm_LE  C.P.x/c
   201   2.5933   3.0000   3.8397   0.4747   0.0451   0.1582   0.1582   0.0025   0.0000  -0.0524  -0.0920    0.581
   202   3.7798   3.0000   3.8397   0.6113   0.0373   0.2038   0.2038   0.0025   0.0000  -0.0594  -0.1103    0.541
   203   4.9662   3.0000   3.8397   0.6705   0.0330   0.2235   0.2235   0.0022   0.0000  -0.0601  -0.1160    0.519
   204   6.1528   3.0000   3.8397   0.6938   0.0298   0.2313   0.2313   0.0020   0.0000  -0.0596  -0.1174    0.508
   205   7.3393   3.0000   3.8397   0.6983   0.0271   0.2328   0.2328   0.0019   0.0000  -0.0589  -0.1171    0.503
   206   8.5258   3.0000   3.8397   0.6937   0.0248   0.2312   0.2312   0.0018   0.0000  -0.0581  -0.1159    0.501
   207   9.7122   3.0000   3.8397   0.6863   0.0229   0.2288   0.2288   0.0018   0.0000  -0.0573  -0.1145    0.501
   208  10.8988   3.0000   3.8397   0.6805   0.0216   0.2268   0.2268   0.0017   0.0000  -0.0566  -0.1133    0.499
   209  12.0852   3.0000   3.8397   0.6799   0.0208   0.2266   0.2266   0.0016   0.0000  -0.0558  -0.1125    0.496
   210  13.2717   3.0000   3.8397   0.6878   0.0212   0.2293   0.2293   0.0014   0.0000  -0.0549  -0.1122    0.489
   211  14.4582   3.0000   3.8397   0.7049   0.0240   0.2350   0.2350   0.0011   0.0000  -0.0536  -0.1123    0.478
   212  15.6447   3.0000   3.8397   0.7203   0.0291   0.2401   0.2401   0.0006   0.0000  -0.0515  -0.1116    0.465
   213  16.8312   3.0000   3.8397   0.7009   0.0305   0.2336   0.2336   0.0005   0.0000  -0.0493  -0.1077    0.461
   214  18.0177   3.0000   3.8398   0.6290   0.0246   0.2097   0.2097   0.0009   0.0000  -0.0474  -0.0998    0.476
   215  19.2043   3.0000   3.8397   0.5343   0.0184   0.1781   0.1781   0.0014   0.0000  -0.0451  -0.0896    0.503
   216  20.3907   3.0000   3.8397   0.4395   0.0146   0.1465   0.1465   0.0018   0.0000  -0.0421  -0.0787    0.537
   217  21.5772   3.0000   3.8397   0.3502   0.0124   0.1167   0.1167   0.0021   0.0000  -0.0389  -0.0681    0.584
   218  22.7638   3.0000   3.8397   0.2671   0.0107   0.0890   0.0890   0.0023   0.0000  -0.0359  -0.0582    0.653
   219  23.9503   3.0000   3.8397   0.1901   0.0095   0.0634   0.0634   0.0024   0.0000  -0.0331  -0.0489    0.772
   220  25.1367   3.0000   3.8397   0.1173   0.0109   0.0391   0.0391   0.0023   0.0000  -0.0283  -0.0381    0.974

  Surface # 4     Strut (YDUP)                            
     # Chordwise =  7   # Spanwise = 20     First strip =221
     Surface area =   76.794899       Ave. chord =    3.000000
     CLsurf  =   0.02516     Clsurf  =   0.00301
     CYsurf  =   0.01018     Cmsurf  =  -0.15225
     CDsurf  =   0.00025     Cnsurf  =  -0.00329
     CDisurf =   0.00025     CDvsurf =   0.00000

  Forces referred to Ssurf, Cave about hinge axis thru LE
     CLsurf  =   0.18717     CDsurf  =   0.00175
     Deflect =

 Strip Forces referred to Strip Area, Chord
    j      Yle    Chord     Area     c cl      ai      cl_norm  cl       cd       cdv    cm_c/4    cm_LE  C.P.x/c
   221  -2.5933   3.0000   3.8397   0.4747   0.0451   0.1582   0.1582   0.0025   0.0000  -0.0524   0.0920    0.581
   222  -3.7798   3.0000   3.8397   0.6113   0.0373   0.2038   0.2038   0.0025   0.0000  -0.0594   0.1103    0.541
   223  -4.9662   3.0000   3.8397   0.6705   0.0330   0.2235   0.2235   0.0022   0.0000  -0.0601   0.1160    0.519
   224  -6.1528   3.0000   3.8397   0.6938   0.0298   0.2313   0.2313   0.0020   0.0000  -0.0596   0.1174    0.508
   225  -7.3393   3.0000   3.8397   0.6983   0.0271   0.2328   0.2328   0.0019   0.0000  -0.0589   0.1171    0.503
   226  -8.5258   3.0000   3.8397   0.6937   0.0248   0.2312   0.2312   0.0018   0.0000  -0.0581   0.1159    0.501
   227  -9.7122   3.0000   3.8397   0.6863   0.0229   0.2288   0.2288   0.0018   0.0000  -0.0573   0.1145    0.501
   228 -10.8988   3.0000   3.8397   0.6805   0.0216   0.2268   0.2268   0.0017   0.0000  -0.0566   0.1133    0.499
   229 -12.0852   3.0000   3.8397   0.6799   0.0208   0.2266   0.2266   0.0016   0.0000  -0.0558   0.1125    0.496
   230 -13.2717   3.0000   3.8397   0.6878   0.0212   0.2293   0.2293   0.0014   0.0000  -0.0549   0.1122    0.489
   231 -14.4582   3.0000   3.8397   0.7049   0.0240   0.2350   0.2350   0.0011   0.0000  -0.0536   0.1123    0.478
   232 -15.6447   3.0000   3.8397   0.7203   0.0291   0.2401   0.2401   0.0006   0.0000  -0.0515   0.1116    0.465
   233 -16.8312   3.0000   3.8397   0.7009   0.0305   0.2336   0.2336   0.0005   0.0000  -0.0493   0.1077    0.461
   234 -18.0177   3.0000   3.8398   0.6290   0.0246   0.2097   0.2097   0.0009   0.0000  -0.0474   0.0998    0.476
   235 -19.2043   3.0000   3.8397   0.5343   0.0184   0.1781   0.1781   0.0014   0.0000  -0.0451   0.0896    0.503
   236 -20.3907   3.0000   3.8397   0.4395   0.0146   0.1465   0.1465   0.0018   0.0000  -0.0421   0.0787    0.537
   237 -21.5772   3.0000   3.8397   0.3502   0.0124   0.1167   0.1167   0.0021   0.0000  -0.0389   0.0681    0.584
   238 -22.7638   3.0000   3.8397   0.2671   0.0107   0.0890   0.0890   0.0023   0.0000  -0.0359   0.0582    0.653
   239 -23.9503   3.0000   3.8397   0.1901   0.0095   0.0634   0.0634   0.0024   0.0000  -0.0331   0.0489    0.772
   240 -25.1367   3.0000   3.8397   0.1173   0.0109   0.0391   0.0391   0.0023   0.0000  -0.0283   0.0381    0.974
 ---------------------------------------------------------------
