 ---------------------------------------------------------------
 Surface and Strip Forces by surface

  Forces referred to Sref, Cref, Bref about Xref, Yref, Zref
 Standard axis orientation,  X fwd, Z down         

  Surface # 1     Wing                                    
     # Chordwise = 12   # Spanwise = 50     First strip =  1
     Surface area =  264.948608       Ave. chord =    5.145000
     CLsurf  =   0.22455     Clsurf  =  -0.04599
     CYsurf  =  -0.00759     Cmsurf  =  -1.34662
     CDsurf  =   0.00241     Cnsurf  =   0.00262
     CDisurf =   0.00241     CDvsurf =   0.00000

  Forces referred to Ssurf, Cave about hinge axis thru LE
     CLsurf  =   0.44917     CDsurf  =   0.00482
     Deflect =

 Strip Forces referred to Strip Area, Chord
    j      Yle    Chord     Area     c cl      ai      cl_norm  cl       cd       cdv    cm_c/4    cm_LE  C.P.x/c
     1   0.5146   7.3059   7.5245   3.2744   0.0200   0.4482   0.4482   0.0085   0.0000  -0.1304  -0.2424    0.541
     2   1.5440   7.2177   7.4337   3.2658   0.0187   0.4525   0.4525   0.0086   0.0000  -0.1311  -0.2441    0.540
     3   2.5733   7.1295   7.3429   3.2619   0.0190   0.4575   0.4575   0.0081   0.0000  -0.1313  -0.2456    0.537
     4   3.6026   7.0413   7.2520   3.2594   0.0200   0.4629   0.4629   0.0077   0.0000  -0.1314  -0.2471    0.534
     5   4.6319   6.9531   7.1612   3.2541   0.0210   0.4680   0.4680   0.0075   0.0000  -0.1316  -0.2485    0.531
     6   5.6611   6.8649   7.0703   3.2447   0.0217   0.4726   0.4726   0.0069   0.0000  -0.1319  -0.2500    0.529
     7   6.6904   6.7767   6.9795   3.2287   0.0221   0.4764   0.4764   0.0070   0.0000  -0.1322  -0.2512    0.527
     8   7.7197   6.6885   6.8887   3.2062   0.0222   0.4793   0.4793   0.0068   0.0000  -0.1325  -0.2523    0.526
     9   8.7491   6.6003   6.7978   3.1772   0.0220   0.4813   0.4813   0.0065   0.0000  -0.1329  -0.2531    0.526
    10   9.7783   6.5121   6.7070   3.1412   0.0215   0.4823   0.4823   0.0063   0.0000  -0.1332  -0.2537    0.526
    11  10.8076   6.4239   6.6161   3.0983   0.0206   0.4823   0.4823   0.0063   0.0000  -0.1335  -0.2540    0.527
    12  11.8370   6.3357   6.5253   3.0466   0.0189   0.4808   0.4808   0.0063   0.0000  -0.1339  -0.2541    0.528
    13  12.8663   6.2475   6.4345   2.9864   0.0157   0.4780   0.4780   0.0066   0.0000  -0.1347  -0.2542    0.532
    14  13.8956   6.1593   6.3436   2.9165   0.0103   0.4735   0.4735   0.0072   0.0000  -0.1368  -0.2551    0.539
    15  14.9248   6.0711   6.2528   2.8395   0.0036   0.4677   0.4677   0.0082   0.0000  -0.1405  -0.2574    0.550
    16  15.9542   5.9829   6.1619   2.7858   0.0014   0.4656   0.4656   0.0081   0.0000  -0.1408  -0.2572    0.552
    17  16.9834   5.8947   6.0711   2.7717   0.0061   0.4702   0.4702   0.0069   0.0000  -0.1368  -0.2543    0.541
    18  18.0128   5.8065   5.9803   2.7599   0.0114   0.4753   0.4753   0.0056   0.0000  -0.1349  -0.2536    0.534
    19  19.0420   5.7183   5.8894   2.7407   0.0144   0.4793   0.4793   0.0051   0.0000  -0.1344  -0.2541    0.530
    20  20.0714   5.6301   5.7986   2.7128   0.0154   0.4818   0.4818   0.0047   0.0000  -0.1344  -0.2548    0.529
    21  21.1006   5.5419   5.7077   2.6772   0.0152   0.4831   0.4831   0.0044   0.0000  -0.1344  -0.2551    0.528
    22  22.1300   5.4537   5.6169   2.6355   0.0145   0.4832   0.4832   0.0041   0.0000  -0.1345  -0.2552    0.528
    23  23.1592   5.3655   5.5261   2.5889   0.0135   0.4825   0.4825   0.0039   0.0000  -0.1345  -0.2550    0.529
    24  24.1886   5.2773   5.4352   2.5388   0.0123   0.4811   0.4811   0.0038   0.0000  -0.1345  -0.2547    0.530
    25  25.2178   5.1891   5.3444   2.4865   0.0113   0.4792   0.4792   0.0035   0.0000  -0.1345  -0.2543    0.531
    26  26.2472   5.1009   5.2536   2.4347   0.0109   0.4773   0.4773   0.0033   0.0000  -0.1346  -0.2539    0.532
    27  27.2764   5.0127   5.1627   2.3834   0.0111   0.4755   0.4755   0.0031   0.0000  -0.1347  -0.2535    0.533
    28  28.3058   4.9245   5.0719   2.3308   0.0113   0.4733   0.4733   0.0030   0.0000  -0.1347  -0.2530    0.535
    29  29.3350   4.8363   4.9810   2.2757   0.0113   0.4705   0.4705   0.0028   0.0000  -0.1348  -0.2524    0.536
    30  30.3643   4.7481   4.8902   2.2186   0.0111   0.4672   0.4672   0.0028   0.0000  -0.1348  -0.2516    0.539
    31  31.3937   4.6599   4.7994   2.1596   0.0109   0.4634   0.4634   0.0026   0.0000  -0.1348  -0.2506    0.541
    32  32.4230   4.5717   4.7085   2.0990   0.0105   0.4591   0.4591   0.0024   0.0000  -0.1348  -0.2495    0.544
    33  33.4523   4.4835   4.6177   2.0372   0.0102   0.4544   0.4544   0.0023   0.0000  -0.1347  -0.2483    0.546
    34  34.4815   4.3953   4.5268   1.9746   0.0098   0.4492   0.4492   0.0021   0.0000  -0.1346  -0.2469    0.550
    35  35.5108   4.3071   4.4360   1.9109   0.0094   0.4437   0.4437   0.0020   0.0000  -0.1345  -0.2454    0.553
    36  36.5401   4.2189   4.3452   1.8461   0.0091   0.4376   0.4376   0.0020   0.0000  -0.1344  -0.2437    0.557
    37  37.5695   4.1307   4.2543   1.7808   0.0088   0.4311   0.4311   0.0020   0.0000  -0.1342  -0.2420    0.561
    38  38.5987   4.0425   4.1635   1.7149   0.0085   0.4242   0.4242   0.0016   0.0000  -0.1341  -0.2401    0.566
    39  39.6280   3.9543   4.0726   1.6475   0.0083   0.4166   0.4166   0.0017   0.0000  -0.1340  -0.2381    0.572
    40  40.6574   3.8661   3.9818   1.5794   0.0082   0.4085   0.4085   0.0017   0.0000  -0.1338  -0.2359    0.578
    41  41.6866   3.7779   3.8910   1.5099   0.0082   0.3997   0.3997   0.0014   0.0000  -0.1336  -0.2335    0.584
    42  42.7160   3.6897   3.8001   1.4391   0.0082   0.3900   0.3900   0.0017   0.0000  -0.1335  -0.2309    0.592
    43  43.7453   3.6015   3.7093   1.3656   0.0085   0.3792   0.3792   0.0016   0.0000  -0.1332  -0.2280    0.601
    44  44.7746   3.5133   3.6184   1.2901   0.0089   0.3672   0.3672   0.0019   0.0000  -0.1330  -0.2247    0.612
    45  45.8038   3.4251   3.5276   1.2104   0.0097   0.3534   0.3534   0.0019   0.0000  -0.1326  -0.2209    0.625
    46  46.8331   3.3369   3.4368   1.1248   0.0109   0.3371   0.3371   0.0017   0.0000  -0.1319  -0.2161    0.641
    47  47.8624   3.2487   3.3459   1.0317   0.0129   0.3176   0.3176   0.0023   0.0000  -0.1308  -0.2101    0.662
    48  48.8918   3.1605   3.2551   0.9235   0.0164   0.2922   0.2922   0.0022   0.0000  -0.1283  -0.2013    0.689
    49  49.9211   3.0723   3.1642   0.7874   0.0229   0.2563   0.2563   0.0025   0.0000  -0.1224  -0.1864    0.727
    50  50.9504   2.9841   3.0734   0.5786   0.0364   0.1939   0.1939   0.0024   0.0000  -0.1037  -0.1521    0.785

  Surface # 2     Wing (YDUP)                             
     # Chordwise = 12   # Spanwise = 50     First strip = 51
     Surface area =  264.948608       Ave. chord =    5.145000
     CLsurf  =   0.22455     Clsurf  =   0.04599
     CYsurf  =   0.00759     Cmsurf  =  -1.34662
     CDsurf  =   0.00241     Cnsurf  =  -0.00262
     CDisurf =   0.00241     CDvsurf =   0.00000

  Forces referred to Ssurf, Cave about hinge axis thru LE
     CLsurf  =   0.44917     CDsurf  =   0.00482
     Deflect =

 Strip Forces referred to Strip Area, Chord
    j      Yle    Chord     Area     c cl      ai      cl_norm  cl       cd       cdv    cm_c/4    cm_LE  C.P.x/c
    51  -0.5146   7.3059   7.5245   3.2744   0.0200   0.4482   0.4482   0.0085   0.0000  -0.1304   0.2424    0.541
    52  -1.5440   7.2177   7.4337   3.2658   0.0187   0.4525   0.4525   0.0086   0.0000  -0.1311   0.2441    0.540
    53  -2.5733   7.1295   7.3429   3.2619   0.0190   0.4575   0.4575   0.0081   0.0000  -0.1313   0.2456    0.537
    54  -3.6026   7.0413   7.2520   3.2594   0.0200   0.4629   0.4629   0.0077   0.0000  -0.1314   0.2471    0.534
    55  -4.6319   6.9531   7.1612   3.2541   0.0210   0.4680   0.4680   0.0075   0.0000  -0.1316   0.2485    0.531
    56  -5.6611   6.8649   7.0703   3.2447   0.0217   0.4726   0.4726   0.0069   0.0000  -0.1319   0.2500    0.529
    57  -6.6904   6.7767   6.9795   3.2287   0.0221   0.4764   0.4764   0.0070   0.0000  -0.1322   0.2512    0.527
    58  -7.7197   6.6885   6.8887   3.2062   0.0222   0.4793   0.4793   0.0068   0.0000  -0.1325   0.2523    0.526
    59  -8.7491   6.6003   6.7978   3.1772   0.0220   0.4813   0.4813   0.0065   0.0000  -0.1329   0.2531    0.526
    60  -9.7783   6.5121   6.7070   3.1412   0.0215   0.4823   0.4823   0.0063   0.0000  -0.1332   0.2537    0.526
    61 -10.8076   6.4239   6.6161   3.0983   0.0206   0.4823   0.4823   0.0063   0.0000  -0.1335   0.2540    0.527
    62 -11.8370   6.3357   6.5253   3.0466   0.0189   0.4808   0.4808   0.0063   0.0000  -0.1339   0.2541    0.528
    63 -12.8663   6.2475   6.4345   2.9864   0.0157   0.4780   0.4780   0.0066   0.0000  -0.1347   0.2542    0.532
    64 -13.8956   6.1593   6.3436   2.9164   0.0103   0.4735   0.4735   0.0072   0.0000  -0.1368   0.2551    0.539
    65 -14.9248   6.0711   6.2528   2.8395   0.0036   0.4677   0.4677   0.0082   0.0000  -0.1405   0.2574    0.550
    66 -15.9542   5.9829   6.1619   2.7858   0.0014   0.4656   0.4656   0.0081   0.0000  -0.1408   0.2572    0.552
    67 -16.9834   5.8947   6.0711   2.7717   0.0061   0.4702   0.4702   0.0069   0.0000  -0.1368   0.2543    0.541
    68 -18.0128   5.8065   5.9803   2.7599   0.0114   0.4753   0.4753   0.0056   0.0000  -0.1349   0.2536    0.534
    69 -19.0420   5.7183   5.8894   2.7407   0.0144   0.4793   0.4793   0.0051   0.0000  -0.1344   0.2541    0.530
    70 -20.0714   5.6301   5.7986   2.7128   0.0154   0.4818   0.4818   0.0047   0.0000  -0.1344   0.2548    0.529
    71 -21.1006   5.5419   5.7077   2.6772   0.0152   0.4831   0.4831   0.0044   0.0000  -0.1344   0.2551    0.528
    72 -22.1300   5.4537   5.6169   2.6355   0.0145   0.4832   0.4832   0.0041   0.0000  -0.1345   0.2552    0.528
    73 -23.1592   5.3655   5.5261   2.5889   0.0135   0.4825   0.4825   0.0039   0.0000  -0.1345   0.2550    0.529
    74 -24.1886   5.2773   5.4352   2.5388   0.0123   0.4811   0.4811   0.0038   0.0000  -0.1345   0.2547    0.530
    75 -25.2178   5.1891   5.3444   2.4865   0.0113   0.4792   0.4792   0.0035   0.0000  -0.1345   0.2543    0.531
    76 -26.2472   5.1009   5.2536   2.4347   0.0109   0.4773   0.4773   0.0033   0.0000  -0.1346   0.2539    0.532
    77 -27.2764   5.0127   5.1627   2.3834   0.0111   0.4755   0.4755   0.0031   0.0000  -0.1347   0.2535    0.533
    78 -28.3058   4.9245   5.0719   2.3308   0.0113   0.4733   0.4733   0.0030   0.0000  -0.1347   0.2530    0.535
    79 -29.3350   4.8363   4.9810   2.2757   0.0113   0.4705   0.4705   0.0028   0.0000  -0.1348   0.2524    0.536
    80 -30.3643   4.7481   4.8902   2.2186   0.0111   0.4672   0.4672   0.0028   0.0000  -0.1348   0.2516    0.539
    81 -31.3937   4.6599   4.7994   2.1596   0.0109   0.4634   0.4634   0.0026   0.0000  -0.1348   0.2506    0.541
    82 -32.4230   4.5717   4.7085   2.0990   0.0105   0.4591   0.4591   0.0024   0.0000  -0.1348   0.2495    0.544
    83 -33.4523   4.4835   4.6177   2.0372   0.0102   0.4544   0.4544   0.0023   0.0000  -0.1347   0.2483    0.546
    84 -34.4815   4.3953   4.5268   1.9746   0.0098   0.4492   0.4492   0.0021   0.0000  -0.1346   0.2469    0.550
    85 -35.5108   4.3071   4.4360   1.9109   0.0094   0.4437   0.4437   0.0020   0.0000  -0.1345   0.2454    0.553
    86 -36.5401   4.2189   4.3452   1.8461   0.0091   0.4376   0.4376   0.0020   0.0000  -0.1344   0.2437    0.557
    87 -37.5695   4.1307   4.2543   1.7808   0.0088   0.4311   0.4311   0.0020   0.0000  -0.1342   0.2420    0.561
    88 -38.5987   4.0425   4.1635   1.7149   0.0085   0.4242   0.4242   0.0016   0.0000  -0.1341   0.2401    0.566
    89 -39.6280   3.9543   4.0726   1.6475   0.0083   0.4166   0.4166   0.0017   0.0000  -0.1340   0.2381    0.572
    90 -40.6574   3.8661   3.9818   1.5794   0.0082   0.4085   0.4085   0.0017   0.0000  -0.1338   0.2359    0.578
    91 -41.6866   3.7779   3.8910   1.5099   0.0082   0.3997   0.3997   0.0014   0.0000  -0.1336   0.2335    0.584
    92 -42.7160   3.6897   3.8001   1.4391   0.0082   0.3900   0.3900   0.0017   0.0000  -0.1335   0.2309    0.592
    93 -43.7453   3.6015   3.7093   1.3656   0.0085   0.3792   0.3792   0.0016   0.0000  -0.1332   0.2280    0.601
    94 -44.7746   3.5133   3.6184   1.2901   0.0089   0.3672   0.3672   0.0019   0.0000  -0.1330   0.2247    0.612
    95 -45.8038   3.4251   3.5276   1.2104   0.0097   0.3534   0.3534   0.0019   0.0000  -0.1326   0.2209    0.625
    96 -46.8331   3.3369   3.4368   1.1248   0.0109   0.3371   0.3371   0.0017   0.0000  -0.1319   0.2161    0.641
    97 -47.8624   3.2487   3.3459   1.0317   0.0129   0.3176   0.3176   0.0023   0.0000  -0.1308   0.2101    0.662
    98 -48.8918   3.1605   3.2551   0.9235   0.0164   0.2922   0.2922   0.0022   0.0000  -0.1283   0.2013    0.689
    99 -49.9211   3.0723   3.1642   0.7874   0.0229   0.2563   0.2563   0.0025   0.0000  -0.1224   0.1864    0.727
   100 -50.9504   2.9841   3.0734   0.5786   0.0364   0.1939   0.1939   0.0024   0.0000  -0.1037   0.1521    0.785
 ---------------------------------------------------------------
