 ---------------------------------------------------------------
 Surface and Strip Forces by surface

  Forces referred to Sref, Cref, Bref about Xref, Yref, Zref
 Standard axis orientation,  X fwd, Z down         

  Surface # 1     Wing                                    
     # Chordwise = 12   # Spanwise = 50     First strip =  1
     Surface area =  264.948608       Ave. chord =    5.145000
     CLsurf  =   0.23155     Clsurf  =  -0.04741
     CYsurf  =  -0.00784     Cmsurf  =  -1.38757
     CDsurf  =   0.00252     Cnsurf  =   0.00266
     CDisurf =   0.00252     CDvsurf =   0.00000

  Forces referred to Ssurf, Cave about hinge axis thru LE
     CLsurf  =   0.46318     CDsurf  =   0.00503
     Deflect =

 Strip Forces referred to Strip Area, Chord
    j      Yle    Chord     Area     c cl      ai      cl_norm  cl       cd       cdv    cm_c/4    cm_LE  C.P.x/c
     1   0.5146   7.3059   7.5245   3.3277   0.0203   0.4555   0.4555   0.0087   0.0000  -0.1304  -0.2442    0.536
     2   1.5440   7.2177   7.4337   3.3198   0.0189   0.4599   0.4599   0.0088   0.0000  -0.1310  -0.2459    0.535
     3   2.5733   7.1295   7.3429   3.3171   0.0193   0.4652   0.4652   0.0083   0.0000  -0.1312  -0.2475    0.532
     4   3.6026   7.0413   7.2520   3.3162   0.0203   0.4709   0.4709   0.0079   0.0000  -0.1314  -0.2490    0.529
     5   4.6319   6.9531   7.1612   3.3128   0.0213   0.4764   0.4764   0.0077   0.0000  -0.1316  -0.2506    0.526
     6   5.6611   6.8649   7.0703   3.3053   0.0220   0.4815   0.4815   0.0071   0.0000  -0.1319  -0.2522    0.524
     7   6.6904   6.7767   6.9795   3.2915   0.0223   0.4857   0.4857   0.0072   0.0000  -0.1322  -0.2536    0.522
     8   7.7197   6.6885   6.8887   3.2713   0.0223   0.4891   0.4891   0.0069   0.0000  -0.1326  -0.2548    0.521
     9   8.7491   6.6003   6.7978   3.2446   0.0221   0.4916   0.4916   0.0066   0.0000  -0.1330  -0.2558    0.521
    10   9.7783   6.5121   6.7070   3.2111   0.0215   0.4931   0.4931   0.0064   0.0000  -0.1334  -0.2566    0.520
    11  10.8076   6.4239   6.6161   3.1709   0.0205   0.4936   0.4936   0.0063   0.0000  -0.1338  -0.2571    0.521
    12  11.8370   6.3357   6.5253   3.1222   0.0187   0.4928   0.4928   0.0064   0.0000  -0.1342  -0.2574    0.522
    13  12.8663   6.2475   6.4345   3.0657   0.0155   0.4907   0.4907   0.0066   0.0000  -0.1352  -0.2578    0.525
    14  13.8956   6.1593   6.3436   3.0009   0.0099   0.4872   0.4872   0.0072   0.0000  -0.1373  -0.2591    0.532
    15  14.9248   6.0711   6.2528   2.9311   0.0030   0.4828   0.4828   0.0081   0.0000  -0.1413  -0.2619    0.543
    16  15.9542   5.9829   6.1619   2.8874   0.0006   0.4826   0.4826   0.0081   0.0000  -0.1420  -0.2626    0.544
    17  16.9834   5.8947   6.0711   2.8874   0.0049   0.4898   0.4898   0.0069   0.0000  -0.1386  -0.2610    0.533
    18  18.0128   5.8065   5.9803   2.8951   0.0099   0.4986   0.4986   0.0057   0.0000  -0.1376  -0.2622    0.526
    19  19.0420   5.7183   5.8894   2.9011   0.0124   0.5073   0.5073   0.0052   0.0000  -0.1384  -0.2652    0.523
    20  20.0714   5.6301   5.7986   2.9028   0.0129   0.5156   0.5156   0.0048   0.0000  -0.1400  -0.2688    0.522
    21  21.1006   5.5419   5.7077   2.8989   0.0122   0.5231   0.5231   0.0047   0.0000  -0.1421  -0.2728    0.522
    22  22.1300   5.4537   5.6169   2.8872   0.0109   0.5294   0.5294   0.0046   0.0000  -0.1444  -0.2767    0.523
    23  23.1592   5.3655   5.5261   2.8628   0.0086   0.5335   0.5335   0.0048   0.0000  -0.1467  -0.2800    0.525
    24  24.1886   5.2773   5.4352   2.8133   0.0022   0.5331   0.5331   0.0050   0.0000  -0.1481  -0.2813    0.528
    25  25.2178   5.1891   5.3444   2.7069  -0.0192   0.5216   0.5216   0.0048   0.0000  -0.1461  -0.2765    0.530
    26  26.2472   5.1009   5.2536   2.5120   0.0488   0.4924   0.4924   0.0037   0.0000  -0.1373  -0.2603    0.529
    27  27.2764   5.0127   5.1627   2.4184   0.0161   0.4824   0.4824   0.0034   0.0000  -0.1350  -0.2555    0.530
    28  28.3058   4.9245   5.0719   2.3567   0.0138   0.4786   0.4786   0.0032   0.0000  -0.1346  -0.2542    0.531
    29  29.3350   4.8363   4.9810   2.2998   0.0132   0.4755   0.4755   0.0031   0.0000  -0.1346  -0.2535    0.533
    30  30.3643   4.7481   4.8902   2.2428   0.0127   0.4723   0.4723   0.0030   0.0000  -0.1347  -0.2527    0.535
    31  31.3937   4.6599   4.7994   2.1843   0.0122   0.4687   0.4687   0.0028   0.0000  -0.1347  -0.2519    0.537
    32  32.4230   4.5717   4.7085   2.1243   0.0117   0.4647   0.4647   0.0027   0.0000  -0.1347  -0.2508    0.540
    33  33.4523   4.4835   4.6177   2.0630   0.0112   0.4601   0.4601   0.0025   0.0000  -0.1347  -0.2496    0.543
    34  34.4815   4.3953   4.5268   2.0008   0.0108   0.4552   0.4552   0.0023   0.0000  -0.1346  -0.2483    0.546
    35  35.5108   4.3071   4.4360   1.9374   0.0103   0.4498   0.4498   0.0022   0.0000  -0.1345  -0.2469    0.549
    36  36.5401   4.2189   4.3452   1.8727   0.0099   0.4439   0.4439   0.0022   0.0000  -0.1343  -0.2453    0.553
    37  37.5695   4.1307   4.2543   1.8075   0.0096   0.4376   0.4376   0.0021   0.0000  -0.1342  -0.2435    0.557
    38  38.5987   4.0425   4.1635   1.7414   0.0093   0.4308   0.4308   0.0018   0.0000  -0.1341  -0.2417    0.561
    39  39.6280   3.9543   4.0726   1.6738   0.0090   0.4233   0.4233   0.0019   0.0000  -0.1339  -0.2397    0.566
    40  40.6574   3.8661   3.9818   1.6054   0.0089   0.4152   0.4152   0.0018   0.0000  -0.1338  -0.2375    0.572
    41  41.6866   3.7779   3.8910   1.5354   0.0088   0.4064   0.4064   0.0016   0.0000  -0.1336  -0.2352    0.579
    42  42.7160   3.6897   3.8001   1.4641   0.0089   0.3968   0.3968   0.0019   0.0000  -0.1335  -0.2326    0.586
    43  43.7453   3.6015   3.7093   1.3900   0.0091   0.3859   0.3859   0.0017   0.0000  -0.1332  -0.2297    0.595
    44  44.7746   3.5133   3.6184   1.3136   0.0095   0.3739   0.3739   0.0021   0.0000  -0.1330  -0.2264    0.606
    45  45.8038   3.4251   3.5276   1.2330   0.0103   0.3600   0.3600   0.0021   0.0000  -0.1325  -0.2225    0.618
    46  46.8331   3.3369   3.4368   1.1461   0.0115   0.3435   0.3435   0.0018   0.0000  -0.1318  -0.2177    0.634
    47  47.8624   3.2487   3.3459   1.0515   0.0136   0.3237   0.3237   0.0025   0.0000  -0.1307  -0.2116    0.654
    48  48.8918   3.1605   3.2551   0.9414   0.0171   0.2979   0.2979   0.0024   0.0000  -0.1282  -0.2027    0.681
    49  49.9211   3.0723   3.1642   0.8025   0.0236   0.2612   0.2612   0.0027   0.0000  -0.1222  -0.1875    0.718
    50  50.9504   2.9841   3.0734   0.5894   0.0373   0.1975   0.1975   0.0025   0.0000  -0.1035  -0.1529    0.774

  Surface # 2     Wing (YDUP)                             
     # Chordwise = 12   # Spanwise = 50     First strip = 51
     Surface area =  264.948608       Ave. chord =    5.145000
     CLsurf  =   0.23155     Clsurf  =   0.04741
     CYsurf  =   0.00784     Cmsurf  =  -1.38757
     CDsurf  =   0.00252     Cnsurf  =  -0.00266
     CDisurf =   0.00252     CDvsurf =   0.00000

  Forces referred to Ssurf, Cave about hinge axis thru LE
     CLsurf  =   0.46318     CDsurf  =   0.00503
     Deflect =

 Strip Forces referred to Strip Area, Chord
    j      Yle    Chord     Area     c cl      ai      cl_norm  cl       cd       cdv    cm_c/4    cm_LE  C.P.x/c
    51  -0.5146   7.3059   7.5245   3.3277   0.0203   0.4555   0.4555   0.0087   0.0000  -0.1304   0.2442    0.536
    52  -1.5440   7.2177   7.4337   3.3198   0.0189   0.4599   0.4599   0.0088   0.0000  -0.1310   0.2459    0.535
    53  -2.5733   7.1295   7.3429   3.3171   0.0193   0.4652   0.4652   0.0083   0.0000  -0.1312   0.2475    0.532
    54  -3.6026   7.0413   7.2520   3.3162   0.0203   0.4709   0.4709   0.0079   0.0000  -0.1314   0.2490    0.529
    55  -4.6319   6.9531   7.1612   3.3128   0.0213   0.4764   0.4764   0.0077   0.0000  -0.1316   0.2506    0.526
    56  -5.6611   6.8649   7.0703   3.3053   0.0220   0.4815   0.4815   0.0071   0.0000  -0.1319   0.2522    0.524
    57  -6.6904   6.7767   6.9795   3.2915   0.0223   0.4857   0.4857   0.0072   0.0000  -0.1322   0.2536    0.522
    58  -7.7197   6.6885   6.8887   3.2713   0.0223   0.4891   0.4891   0.0069   0.0000  -0.1326   0.2548    0.521
    59  -8.7491   6.6003   6.7978   3.2446   0.0221   0.4916   0.4916   0.0066   0.0000  -0.1330   0.2558    0.521
    60  -9.7783   6.5121   6.7070   3.2111   0.0215   0.4931   0.4931   0.0064   0.0000  -0.1334   0.2566    0.520
    61 -10.8076   6.4239   6.6161   3.1709   0.0205   0.4936   0.4936   0.0063   0.0000  -0.1338   0.2571    0.521
    62 -11.8370   6.3357   6.5253   3.1222   0.0187   0.4928   0.4928   0.0064   0.0000  -0.1342   0.2574    0.522
    63 -12.8663   6.2475   6.4345   3.0657   0.0155   0.4907   0.4907   0.0066   0.0000  -0.1352   0.2578    0.525
    64 -13.8956   6.1593   6.3436   3.0009   0.0099   0.4872   0.4872   0.0072   0.0000  -0.1373   0.2591    0.532
    65 -14.9248   6.0711   6.2528   2.9311   0.0030   0.4828   0.4828   0.0081   0.0000  -0.1413   0.2619    0.543
    66 -15.9542   5.9829   6.1619   2.8874   0.0006   0.4826   0.4826   0.0081   0.0000  -0.1420   0.2626    0.544
    67 -16.9834   5.8947   6.0711   2.8874   0.0049   0.4898   0.4898   0.0069   0.0000  -0.1386   0.2610    0.533
    68 -18.0128   5.8065   5.9803   2.8951   0.0099   0.4986   0.4986   0.0057   0.0000  -0.1376   0.2622    0.526
    69 -19.0420   5.7183   5.8894   2.9011   0.0124   0.5073   0.5073   0.0052   0.0000  -0.1384   0.2652    0.523
    70 -20.0714   5.6301   5.7986   2.9027   0.0129   0.5156   0.5156   0.0048   0.0000  -0.1400   0.2688    0.522
    71 -21.1006   5.5419   5.7077   2.8989   0.0122   0.5231   0.5231   0.0047   0.0000  -0.1421   0.2728    0.522
    72 -22.1300   5.4537   5.6169   2.8872   0.0109   0.5294   0.5294   0.0046   0.0000  -0.1444   0.2767    0.523
    73 -23.1592   5.3655   5.5261   2.8628   0.0086   0.5335   0.5335   0.0048   0.0000  -0.1467   0.2800    0.525
    74 -24.1886   5.2773   5.4352   2.8133   0.0022   0.5331   0.5331   0.0050   0.0000  -0.1481   0.2813    0.528
    75 -25.2178   5.1891   5.3444   2.7069  -0.0192   0.5216   0.5216   0.0048   0.0000  -0.1461   0.2765    0.530
    76 -26.2472   5.1009   5.2536   2.5120   0.0488   0.4924   0.4924   0.0037   0.0000  -0.1373   0.2603    0.529
    77 -27.2764   5.0127   5.1627   2.4184   0.0161   0.4824   0.4824   0.0034   0.0000  -0.1350   0.2555    0.530
    78 -28.3058   4.9245   5.0719   2.3567   0.0138   0.4786   0.4786   0.0032   0.0000  -0.1346   0.2542    0.531
    79 -29.3350   4.8363   4.9810   2.2998   0.0132   0.4755   0.4755   0.0031   0.0000  -0.1346   0.2535    0.533
    80 -30.3643   4.7481   4.8902   2.2428   0.0127   0.4723   0.4723   0.0030   0.0000  -0.1347   0.2527    0.535
    81 -31.3937   4.6599   4.7994   2.1843   0.0122   0.4687   0.4687   0.0028   0.0000  -0.1347   0.2519    0.537
    82 -32.4230   4.5717   4.7085   2.1243   0.0117   0.4647   0.4647   0.0027   0.0000  -0.1347   0.2508    0.540
    83 -33.4523   4.4835   4.6177   2.0630   0.0112   0.4601   0.4601   0.0025   0.0000  -0.1347   0.2496    0.543
    84 -34.4815   4.3953   4.5268   2.0008   0.0108   0.4552   0.4552   0.0023   0.0000  -0.1346   0.2483    0.546
    85 -35.5108   4.3071   4.4360   1.9374   0.0103   0.4498   0.4498   0.0022   0.0000  -0.1345   0.2469    0.549
    86 -36.5401   4.2189   4.3452   1.8727   0.0099   0.4439   0.4439   0.0022   0.0000  -0.1343   0.2453    0.553
    87 -37.5695   4.1307   4.2543   1.8075   0.0096   0.4376   0.4376   0.0022   0.0000  -0.1342   0.2435    0.557
    88 -38.5987   4.0425   4.1635   1.7414   0.0093   0.4308   0.4308   0.0018   0.0000  -0.1341   0.2417    0.561
    89 -39.6280   3.9543   4.0726   1.6738   0.0090   0.4233   0.4233   0.0019   0.0000  -0.1339   0.2397    0.566
    90 -40.6574   3.8661   3.9818   1.6054   0.0089   0.4152   0.4152   0.0018   0.0000  -0.1338   0.2375    0.572
    91 -41.6866   3.7779   3.8910   1.5354   0.0088   0.4064   0.4064   0.0016   0.0000  -0.1336   0.2352    0.579
    92 -42.7160   3.6897   3.8001   1.4641   0.0089   0.3968   0.3968   0.0019   0.0000  -0.1335   0.2326    0.586
    93 -43.7453   3.6015   3.7093   1.3900   0.0091   0.3859   0.3859   0.0017   0.0000  -0.1332   0.2297    0.595
    94 -44.7746   3.5133   3.6184   1.3136   0.0095   0.3739   0.3739   0.0021   0.0000  -0.1330   0.2264    0.606
    95 -45.8038   3.4251   3.5276   1.2330   0.0103   0.3600   0.3600   0.0021   0.0000  -0.1325   0.2225    0.618
    96 -46.8331   3.3369   3.4368   1.1461   0.0115   0.3435   0.3435   0.0018   0.0000  -0.1318   0.2177    0.634
    97 -47.8624   3.2487   3.3459   1.0515   0.0136   0.3237   0.3237   0.0025   0.0000  -0.1307   0.2116    0.654
    98 -48.8918   3.1605   3.2551   0.9414   0.0171   0.2979   0.2979   0.0024   0.0000  -0.1282   0.2027    0.681
    99 -49.9211   3.0723   3.1642   0.8025   0.0236   0.2612   0.2612   0.0027   0.0000  -0.1222   0.1875    0.718
   100 -50.9504   2.9841   3.0734   0.5894   0.0373   0.1975   0.1975   0.0025   0.0000  -0.1035   0.1529    0.774

  Surface # 3     Strut                                   
     # Chordwise =  7   # Spanwise = 25     First strip =101
     Surface area =   76.907906       Ave. chord =    3.000000
     CLsurf  =  -0.00706     Clsurf  =   0.00145
     CYsurf  =   0.00289     Cmsurf  =   0.04275
     CDsurf  =  -0.00003     Cnsurf  =  -0.00093
     CDisurf =  -0.00003     CDvsurf =   0.00000

  Forces referred to Ssurf, Cave about hinge axis thru LE
     CLsurf  =  -0.05254     CDsurf  =  -0.00024
     Deflect =

 Strip Forces referred to Strip Area, Chord
    j      Yle    Chord     Area     c cl      ai      cl_norm  cl       cd       cdv    cm_c/4    cm_LE  C.P.x/c
   101   2.4746   3.0000   3.0763  -0.0030   0.0154  -0.0010  -0.0010  -0.0000   0.0000   0.0007   0.0010    0.997
   102   3.4238   3.0000   3.0763  -0.0023   0.0169  -0.0008  -0.0008  -0.0000   0.0000   0.0021   0.0023    0.0
   103   4.3730   3.0000   3.0763  -0.0046   0.0177  -0.0015  -0.0015  -0.0000   0.0000   0.0035   0.0038    0.0
   104   5.3222   3.0000   3.0763  -0.0117   0.0179  -0.0039  -0.0039  -0.0000   0.0000   0.0046   0.0056    1.434
   105   6.2714   3.0000   3.0763  -0.0232   0.0174  -0.0077  -0.0077  -0.0001   0.0000   0.0055   0.0074    0.960
   106   7.2206   3.0000   3.0763  -0.0377   0.0167  -0.0126  -0.0126  -0.0001   0.0000   0.0062   0.0093    0.743
   107   8.1698   3.0000   3.0763  -0.0533   0.0158  -0.0178  -0.0178  -0.0001   0.0000   0.0068   0.0112    0.632
   108   9.1190   3.0000   3.0763  -0.0684   0.0150  -0.0228  -0.0228  -0.0001   0.0000   0.0073   0.0130    0.570
   109  10.0682   3.0000   3.0763  -0.0816   0.0142  -0.0272  -0.0272  -0.0001   0.0000   0.0078   0.0146    0.537
   110  11.0174   3.0000   3.0763  -0.0915   0.0136  -0.0305  -0.0305  -0.0001   0.0000   0.0083   0.0160    0.523
   111  11.9666   3.0000   3.0763  -0.0966   0.0132  -0.0322  -0.0322  -0.0001   0.0000   0.0089   0.0169    0.526
   112  12.9158   3.0000   3.0763  -0.0956   0.0136  -0.0319  -0.0319  -0.0001   0.0000   0.0095   0.0175    0.549
   113  13.8650   3.0000   3.0763  -0.0874   0.0151  -0.0291  -0.0291  -0.0001   0.0000   0.0104   0.0177    0.607
   114  14.8142   3.0000   3.0763  -0.0741   0.0184  -0.0247  -0.0247  -0.0001   0.0000   0.0116   0.0178    0.721
   115  15.7634   3.0000   3.0763  -0.0655   0.0228  -0.0218  -0.0218  -0.0001   0.0000   0.0133   0.0188    0.859
   116  16.7126   3.0000   3.0763  -0.0811   0.0240  -0.0270  -0.0270  -0.0002   0.0000   0.0151   0.0219    0.810
   117  17.6618   3.0000   3.0763  -0.1307   0.0194  -0.0436  -0.0436  -0.0002   0.0000   0.0168   0.0277    0.636
   118  18.6110   3.0000   3.0763  -0.1999   0.0131  -0.0666  -0.0666  -0.0003   0.0000   0.0187   0.0354    0.531
   119  19.5602   3.0000   3.0763  -0.2720   0.0082  -0.0907  -0.0907  -0.0004   0.0000   0.0211   0.0437    0.483
   120  20.5094   3.0000   3.0763  -0.3389   0.0048  -0.1130  -0.1130  -0.0005   0.0000   0.0239   0.0521    0.462
   121  21.4586   3.0000   3.0763  -0.3972   0.0021  -0.1324  -0.1324  -0.0006   0.0000   0.0270   0.0601    0.454
   122  22.4078   3.0000   3.0763  -0.4430  -0.0006  -0.1477  -0.1477  -0.0007   0.0000   0.0300   0.0669    0.453
   123  23.3570   3.0000   3.0763  -0.4685  -0.0031  -0.1562  -0.1562  -0.0007   0.0000   0.0324   0.0714    0.457
   124  24.3062   3.0000   3.0763  -0.4548  -0.0042  -0.1516  -0.1516  -0.0006   0.0000   0.0329   0.0708    0.467
   125  25.2554   3.0000   3.0763  -0.3582  -0.0091  -0.1194  -0.1194  -0.0005   0.0000   0.0281   0.0580    0.485

  Surface # 4     Strut (YDUP)                            
     # Chordwise =  7   # Spanwise = 25     First strip =126
     Surface area =   76.907906       Ave. chord =    3.000000
     CLsurf  =  -0.00706     Clsurf  =  -0.00145
     CYsurf  =  -0.00289     Cmsurf  =   0.04275
     CDsurf  =  -0.00003     Cnsurf  =   0.00093
     CDisurf =  -0.00003     CDvsurf =   0.00000

  Forces referred to Ssurf, Cave about hinge axis thru LE
     CLsurf  =  -0.05254     CDsurf  =  -0.00024
     Deflect =

 Strip Forces referred to Strip Area, Chord
    j      Yle    Chord     Area     c cl      ai      cl_norm  cl       cd       cdv    cm_c/4    cm_LE  C.P.x/c
   126  -2.4746   3.0000   3.0763  -0.0030   0.0154  -0.0010  -0.0010  -0.0000   0.0000   0.0007  -0.0010    0.997
   127  -3.4238   3.0000   3.0763  -0.0023   0.0169  -0.0008  -0.0008  -0.0000   0.0000   0.0021  -0.0023    0.
   128  -4.3730   3.0000   3.0763  -0.0046   0.0177  -0.0015  -0.0015  -0.0000   0.0000   0.0035  -0.0038    0.
   129  -5.3222   3.0000   3.0763  -0.0117   0.0179  -0.0039  -0.0039  -0.0000   0.0000   0.0046  -0.0056    1.434
   130  -6.2714   3.0000   3.0763  -0.0232   0.0174  -0.0077  -0.0077  -0.0001   0.0000   0.0055  -0.0074    0.960
   131  -7.2206   3.0000   3.0763  -0.0377   0.0167  -0.0126  -0.0126  -0.0001   0.0000   0.0062  -0.0093    0.743
   132  -8.1698   3.0000   3.0763  -0.0533   0.0158  -0.0178  -0.0178  -0.0001   0.0000   0.0068  -0.0112    0.632
   133  -9.1190   3.0000   3.0763  -0.0684   0.0150  -0.0228  -0.0228  -0.0001   0.0000   0.0073  -0.0130    0.570
   134 -10.0682   3.0000   3.0763  -0.0816   0.0142  -0.0272  -0.0272  -0.0001   0.0000   0.0078  -0.0146    0.537
   135 -11.0174   3.0000   3.0763  -0.0915   0.0136  -0.0305  -0.0305  -0.0001   0.0000   0.0083  -0.0160    0.523
   136 -11.9666   3.0000   3.0763  -0.0966   0.0132  -0.0322  -0.0322  -0.0001   0.0000   0.0089  -0.0169    0.526
   137 -12.9158   3.0000   3.0763  -0.0956   0.0136  -0.0319  -0.0319  -0.0001   0.0000   0.0095  -0.0175    0.549
   138 -13.8650   3.0000   3.0763  -0.0874   0.0151  -0.0291  -0.0291  -0.0001   0.0000   0.0104  -0.0177    0.607
   139 -14.8142   3.0000   3.0763  -0.0741   0.0184  -0.0247  -0.0247  -0.0001   0.0000   0.0116  -0.0178    0.721
   140 -15.7634   3.0000   3.0763  -0.0655   0.0228  -0.0218  -0.0218  -0.0001   0.0000   0.0133  -0.0188    0.859
   141 -16.7126   3.0000   3.0763  -0.0811   0.0240  -0.0270  -0.0270  -0.0002   0.0000   0.0151  -0.0219    0.810
   142 -17.6618   3.0000   3.0763  -0.1307   0.0194  -0.0436  -0.0436  -0.0002   0.0000   0.0168  -0.0277    0.636
   143 -18.6110   3.0000   3.0763  -0.1999   0.0131  -0.0666  -0.0666  -0.0003   0.0000   0.0187  -0.0354    0.531
   144 -19.5602   3.0000   3.0763  -0.2720   0.0082  -0.0907  -0.0907  -0.0004   0.0000   0.0211  -0.0437    0.483
   145 -20.5094   3.0000   3.0763  -0.3389   0.0048  -0.1130  -0.1130  -0.0005   0.0000   0.0239  -0.0521    0.462
   146 -21.4586   3.0000   3.0763  -0.3972   0.0021  -0.1324  -0.1324  -0.0006   0.0000   0.0270  -0.0601    0.454
   147 -22.4078   3.0000   3.0763  -0.4430  -0.0006  -0.1477  -0.1477  -0.0007   0.0000   0.0300  -0.0669    0.453
   148 -23.3570   3.0000   3.0763  -0.4685  -0.0031  -0.1562  -0.1562  -0.0007   0.0000   0.0324  -0.0714    0.457
   149 -24.3062   3.0000   3.0763  -0.4548  -0.0042  -0.1516  -0.1516  -0.0006   0.0000   0.0329  -0.0708    0.467
   150 -25.2554   3.0000   3.0763  -0.3582  -0.0091  -0.1194  -0.1194  -0.0005   0.0000   0.0281  -0.0580    0.485
 ---------------------------------------------------------------
