 ---------------------------------------------------------------
 Surface and Strip Forces by surface

  Forces referred to Sref, Cref, Bref about Xref, Yref, Zref
 Standard axis orientation,  X fwd, Z down         

  Surface # 1     Wing                                    
     # Chordwise = 12   # Spanwise = 50     First strip =  1
     Surface area =  264.948608       Ave. chord =    5.145000
     CLsurf  =   0.21897     Clsurf  =  -0.04558
     CYsurf  =  -0.00740     Cmsurf  =  -1.31343
     CDsurf  =   0.00237     Cnsurf  =   0.00253
     CDisurf =   0.00237     CDvsurf =   0.00000

  Forces referred to Ssurf, Cave about hinge axis thru LE
     CLsurf  =   0.43800     CDsurf  =   0.00475
     Deflect =

 Strip Forces referred to Strip Area, Chord
    j      Yle    Chord     Area     c cl      ai      cl_norm  cl       cd       cdv    cm_c/4    cm_LE  C.P.x/c
     1   0.5146   7.3059   7.5245   3.1655   0.0227   0.4332   0.4332   0.0089   0.0000  -0.1295  -0.2378    0.549
     2   1.5440   7.2177   7.4337   3.1550   0.0215   0.4371   0.4371   0.0090   0.0000  -0.1301  -0.2393    0.548
     3   2.5733   7.1295   7.3429   3.1472   0.0220   0.4414   0.4414   0.0085   0.0000  -0.1302  -0.2405    0.545
     4   3.6026   7.0413   7.2520   3.1393   0.0232   0.4458   0.4458   0.0082   0.0000  -0.1302  -0.2416    0.542
     5   4.6319   6.9531   7.1612   3.1276   0.0244   0.4498   0.4498   0.0080   0.0000  -0.1302  -0.2426    0.539
     6   5.6611   6.8649   7.0703   3.1112   0.0253   0.4532   0.4532   0.0074   0.0000  -0.1302  -0.2435    0.537
     7   6.6904   6.7767   6.9795   3.0879   0.0259   0.4556   0.4556   0.0076   0.0000  -0.1303  -0.2442    0.536
     8   7.7197   6.6885   6.8887   3.0581   0.0262   0.4572   0.4572   0.0073   0.0000  -0.1304  -0.2447    0.535
     9   8.7491   6.6003   6.7978   3.0217   0.0262   0.4578   0.4578   0.0070   0.0000  -0.1304  -0.2448    0.535
    10   9.7783   6.5121   6.7070   2.9782   0.0259   0.4573   0.4573   0.0068   0.0000  -0.1304  -0.2447    0.535
    11  10.8076   6.4239   6.6161   2.9276   0.0251   0.4557   0.4557   0.0068   0.0000  -0.1303  -0.2442    0.536
    12  11.8370   6.3357   6.5253   2.8680   0.0235   0.4527   0.4527   0.0069   0.0000  -0.1303  -0.2434    0.538
    13  12.8663   6.2475   6.4345   2.7994   0.0204   0.4481   0.4481   0.0071   0.0000  -0.1307  -0.2426    0.542
    14  13.8956   6.1593   6.3436   2.7214   0.0151   0.4418   0.4418   0.0077   0.0000  -0.1322  -0.2426    0.549
    15  14.9248   6.0711   6.2528   2.6380   0.0083   0.4345   0.4345   0.0087   0.0000  -0.1354  -0.2440    0.562
    16  15.9542   5.9829   6.1619   2.5833   0.0060   0.4317   0.4317   0.0085   0.0000  -0.1351  -0.2430    0.563
    17  16.9834   5.8947   6.0711   2.5748   0.0104   0.4368   0.4368   0.0071   0.0000  -0.1304  -0.2395    0.548
    18  18.0128   5.8065   5.9803   2.5743   0.0154   0.4433   0.4433   0.0056   0.0000  -0.1278  -0.2386    0.538
    19  19.0420   5.7183   5.8894   2.5713   0.0179   0.4496   0.4496   0.0048   0.0000  -0.1268  -0.2392    0.532
    20  20.0714   5.6301   5.7986   2.5637   0.0182   0.4554   0.4554   0.0041   0.0000  -0.1264  -0.2402    0.528
    21  21.1006   5.5419   5.7077   2.5520   0.0174   0.4605   0.4605   0.0035   0.0000  -0.1262  -0.2412    0.524
    22  22.1300   5.4537   5.6169   2.5365   0.0160   0.4651   0.4651   0.0029   0.0000  -0.1260  -0.2423    0.521
    23  23.1592   5.3655   5.5261   2.5181   0.0145   0.4693   0.4693   0.0024   0.0000  -0.1261  -0.2433    0.519
    24  24.1886   5.2773   5.4352   2.4982   0.0134   0.4734   0.4734   0.0021   0.0000  -0.1266  -0.2449    0.517
    25  25.2178   5.1891   5.3444   2.4813   0.0154   0.4782   0.4782   0.0020   0.0000  -0.1285  -0.2480    0.519
    26  26.2472   5.1009   5.2536   2.4752  -0.0033   0.4852   0.4852   0.0026   0.0000  -0.1337  -0.2549    0.525
    27  27.2764   5.0127   5.1627   2.4335   0.0066   0.4855   0.4855   0.0027   0.0000  -0.1349  -0.2562    0.528
    28  28.3058   4.9245   5.0719   2.3802   0.0079   0.4833   0.4833   0.0025   0.0000  -0.1351  -0.2558    0.529
    29  29.3350   4.8363   4.9810   2.3224   0.0083   0.4802   0.4802   0.0024   0.0000  -0.1351  -0.2551    0.531
    30  30.3643   4.7481   4.8902   2.2620   0.0085   0.4764   0.4764   0.0023   0.0000  -0.1351  -0.2541    0.534
    31  31.3937   4.6599   4.7994   2.1997   0.0085   0.4720   0.4720   0.0022   0.0000  -0.1350  -0.2530    0.536
    32  32.4230   4.5717   4.7085   2.1360   0.0084   0.4672   0.4672   0.0020   0.0000  -0.1350  -0.2517    0.539
    33  33.4523   4.4835   4.6177   2.0712   0.0082   0.4620   0.4620   0.0020   0.0000  -0.1349  -0.2503    0.542
    34  34.4815   4.3953   4.5268   2.0058   0.0079   0.4564   0.4564   0.0018   0.0000  -0.1347  -0.2488    0.545
    35  35.5108   4.3071   4.4360   1.9397   0.0077   0.4503   0.4503   0.0017   0.0000  -0.1346  -0.2471    0.549
    36  36.5401   4.2189   4.3452   1.8725   0.0075   0.4438   0.4438   0.0017   0.0000  -0.1345  -0.2454    0.553
    37  37.5695   4.1307   4.2543   1.8051   0.0073   0.4370   0.4370   0.0017   0.0000  -0.1343  -0.2435    0.557
    38  38.5987   4.0425   4.1635   1.7372   0.0071   0.4297   0.4297   0.0014   0.0000  -0.1342  -0.2416    0.562
    39  39.6280   3.9543   4.0726   1.6681   0.0070   0.4218   0.4218   0.0015   0.0000  -0.1340  -0.2394    0.568
    40  40.6574   3.8661   3.9818   1.5983   0.0070   0.4134   0.4134   0.0015   0.0000  -0.1339  -0.2372    0.574
    41  41.6866   3.7779   3.8910   1.5272   0.0070   0.4042   0.4042   0.0012   0.0000  -0.1337  -0.2347    0.581
    42  42.7160   3.6897   3.8001   1.4549   0.0071   0.3943   0.3943   0.0015   0.0000  -0.1335  -0.2320    0.589
    43  43.7453   3.6015   3.7093   1.3801   0.0074   0.3832   0.3832   0.0014   0.0000  -0.1333  -0.2290    0.598
    44  44.7746   3.5133   3.6184   1.3032   0.0079   0.3709   0.3709   0.0018   0.0000  -0.1330  -0.2257    0.609
    45  45.8038   3.4251   3.5276   1.2224   0.0088   0.3569   0.3569   0.0018   0.0000  -0.1326  -0.2218    0.622
    46  46.8331   3.3369   3.4368   1.1355   0.0100   0.3403   0.3403   0.0016   0.0000  -0.1319  -0.2169    0.638
    47  47.8624   3.2487   3.3459   1.0411   0.0121   0.3205   0.3205   0.0022   0.0000  -0.1308  -0.2108    0.658
    48  48.8918   3.1605   3.2551   0.9316   0.0157   0.2948   0.2948   0.0022   0.0000  -0.1283  -0.2020    0.685
    49  49.9211   3.0723   3.1642   0.7939   0.0222   0.2584   0.2584   0.0025   0.0000  -0.1223  -0.1869    0.723
    50  50.9504   2.9841   3.0734   0.5831   0.0358   0.1954   0.1954   0.0024   0.0000  -0.1037  -0.1525    0.780

  Surface # 2     Wing (YDUP)                             
     # Chordwise = 12   # Spanwise = 50     First strip = 51
     Surface area =  264.948608       Ave. chord =    5.145000
     CLsurf  =   0.21897     Clsurf  =   0.04558
     CYsurf  =   0.00740     Cmsurf  =  -1.31343
     CDsurf  =   0.00237     Cnsurf  =  -0.00253
     CDisurf =   0.00237     CDvsurf =   0.00000

  Forces referred to Ssurf, Cave about hinge axis thru LE
     CLsurf  =   0.43800     CDsurf  =   0.00475
     Deflect =

 Strip Forces referred to Strip Area, Chord
    j      Yle    Chord     Area     c cl      ai      cl_norm  cl       cd       cdv    cm_c/4    cm_LE  C.P.x/c
    51  -0.5146   7.3059   7.5245   3.1655   0.0227   0.4332   0.4332   0.0089   0.0000  -0.1295   0.2378    0.549
    52  -1.5440   7.2177   7.4337   3.1550   0.0215   0.4371   0.4371   0.0090   0.0000  -0.1301   0.2393    0.548
    53  -2.5733   7.1295   7.3429   3.1472   0.0220   0.4414   0.4414   0.0085   0.0000  -0.1302   0.2405    0.545
    54  -3.6026   7.0413   7.2520   3.1393   0.0232   0.4458   0.4458   0.0082   0.0000  -0.1302   0.2416    0.542
    55  -4.6319   6.9531   7.1612   3.1276   0.0244   0.4498   0.4498   0.0080   0.0000  -0.1302   0.2426    0.539
    56  -5.6611   6.8649   7.0703   3.1112   0.0253   0.4532   0.4532   0.0074   0.0000  -0.1302   0.2435    0.537
    57  -6.6904   6.7767   6.9795   3.0879   0.0259   0.4556   0.4556   0.0076   0.0000  -0.1303   0.2442    0.536
    58  -7.7197   6.6885   6.8887   3.0581   0.0262   0.4572   0.4572   0.0073   0.0000  -0.1304   0.2447    0.535
    59  -8.7491   6.6003   6.7978   3.0217   0.0262   0.4578   0.4578   0.0070   0.0000  -0.1304   0.2448    0.535
    60  -9.7783   6.5121   6.7070   2.9782   0.0259   0.4573   0.4573   0.0068   0.0000  -0.1304   0.2447    0.535
    61 -10.8076   6.4239   6.6161   2.9276   0.0251   0.4557   0.4557   0.0068   0.0000  -0.1303   0.2442    0.536
    62 -11.8370   6.3357   6.5253   2.8680   0.0235   0.4527   0.4527   0.0069   0.0000  -0.1303   0.2434    0.538
    63 -12.8663   6.2475   6.4345   2.7994   0.0204   0.4481   0.4481   0.0071   0.0000  -0.1307   0.2426    0.542
    64 -13.8956   6.1593   6.3436   2.7214   0.0151   0.4418   0.4418   0.0077   0.0000  -0.1322   0.2426    0.549
    65 -14.9248   6.0711   6.2528   2.6380   0.0083   0.4345   0.4345   0.0087   0.0000  -0.1354   0.2440    0.562
    66 -15.9542   5.9829   6.1619   2.5833   0.0060   0.4317   0.4317   0.0085   0.0000  -0.1351   0.2430    0.563
    67 -16.9834   5.8947   6.0711   2.5748   0.0104   0.4368   0.4368   0.0071   0.0000  -0.1304   0.2395    0.548
    68 -18.0128   5.8065   5.9803   2.5743   0.0154   0.4433   0.4433   0.0056   0.0000  -0.1278   0.2386    0.538
    69 -19.0420   5.7183   5.8894   2.5713   0.0179   0.4496   0.4496   0.0048   0.0000  -0.1268   0.2392    0.532
    70 -20.0714   5.6301   5.7986   2.5637   0.0182   0.4554   0.4554   0.0041   0.0000  -0.1264   0.2402    0.528
    71 -21.1006   5.5419   5.7077   2.5520   0.0174   0.4605   0.4605   0.0035   0.0000  -0.1262   0.2412    0.524
    72 -22.1300   5.4537   5.6169   2.5365   0.0160   0.4651   0.4651   0.0029   0.0000  -0.1260   0.2423    0.521
    73 -23.1592   5.3655   5.5261   2.5181   0.0145   0.4693   0.4693   0.0024   0.0000  -0.1261   0.2433    0.519
    74 -24.1886   5.2773   5.4352   2.4982   0.0134   0.4734   0.4734   0.0021   0.0000  -0.1266   0.2449    0.517
    75 -25.2178   5.1891   5.3444   2.4813   0.0154   0.4782   0.4782   0.0020   0.0000  -0.1285   0.2480    0.519
    76 -26.2472   5.1009   5.2536   2.4752  -0.0033   0.4852   0.4852   0.0026   0.0000  -0.1337   0.2549    0.525
    77 -27.2764   5.0127   5.1627   2.4335   0.0066   0.4855   0.4855   0.0027   0.0000  -0.1349   0.2562    0.528
    78 -28.3058   4.9245   5.0719   2.3802   0.0079   0.4833   0.4833   0.0025   0.0000  -0.1351   0.2558    0.529
    79 -29.3350   4.8363   4.9810   2.3224   0.0083   0.4802   0.4802   0.0024   0.0000  -0.1351   0.2551    0.531
    80 -30.3643   4.7481   4.8902   2.2620   0.0085   0.4764   0.4764   0.0023   0.0000  -0.1351   0.2541    0.534
    81 -31.3937   4.6599   4.7994   2.1997   0.0085   0.4720   0.4720   0.0022   0.0000  -0.1350   0.2530    0.536
    82 -32.4230   4.5717   4.7085   2.1360   0.0084   0.4672   0.4672   0.0020   0.0000  -0.1350   0.2517    0.539
    83 -33.4523   4.4835   4.6177   2.0712   0.0082   0.4620   0.4620   0.0020   0.0000  -0.1349   0.2503    0.542
    84 -34.4815   4.3953   4.5268   2.0058   0.0079   0.4564   0.4564   0.0018   0.0000  -0.1347   0.2488    0.545
    85 -35.5108   4.3071   4.4360   1.9397   0.0077   0.4503   0.4503   0.0017   0.0000  -0.1346   0.2471    0.549
    86 -36.5401   4.2189   4.3452   1.8725   0.0075   0.4438   0.4438   0.0017   0.0000  -0.1345   0.2454    0.553
    87 -37.5695   4.1307   4.2543   1.8051   0.0073   0.4370   0.4370   0.0017   0.0000  -0.1343   0.2435    0.557
    88 -38.5987   4.0425   4.1635   1.7372   0.0071   0.4297   0.4297   0.0014   0.0000  -0.1342   0.2416    0.562
    89 -39.6280   3.9543   4.0726   1.6681   0.0070   0.4218   0.4218   0.0015   0.0000  -0.1340   0.2394    0.568
    90 -40.6574   3.8661   3.9818   1.5983   0.0070   0.4134   0.4134   0.0015   0.0000  -0.1339   0.2372    0.574
    91 -41.6866   3.7779   3.8910   1.5272   0.0070   0.4042   0.4042   0.0012   0.0000  -0.1337   0.2347    0.581
    92 -42.7160   3.6897   3.8001   1.4549   0.0071   0.3943   0.3943   0.0015   0.0000  -0.1335   0.2320    0.589
    93 -43.7453   3.6015   3.7093   1.3801   0.0074   0.3832   0.3832   0.0014   0.0000  -0.1333   0.2290    0.598
    94 -44.7746   3.5133   3.6184   1.3032   0.0079   0.3709   0.3709   0.0018   0.0000  -0.1330   0.2257    0.609
    95 -45.8038   3.4251   3.5276   1.2224   0.0088   0.3569   0.3569   0.0018   0.0000  -0.1326   0.2218    0.622
    96 -46.8331   3.3369   3.4368   1.1355   0.0100   0.3403   0.3403   0.0016   0.0000  -0.1319   0.2169    0.638
    97 -47.8624   3.2487   3.3459   1.0411   0.0121   0.3205   0.3205   0.0022   0.0000  -0.1308   0.2108    0.658
    98 -48.8918   3.1605   3.2551   0.9316   0.0157   0.2948   0.2948   0.0022   0.0000  -0.1283   0.2020    0.685
    99 -49.9211   3.0723   3.1642   0.7939   0.0222   0.2584   0.2584   0.0025   0.0000  -0.1223   0.1869    0.723
   100 -50.9504   2.9841   3.0734   0.5831   0.0358   0.1954   0.1954   0.0024   0.0000  -0.1037   0.1525    0.780

  Surface # 3     Strut                                   
     # Chordwise =  7   # Spanwise = 25     First strip =101
     Surface area =   76.907906       Ave. chord =    3.000000
     CLsurf  =   0.02504     Clsurf  =  -0.00300
     CYsurf  =  -0.01024     Cmsurf  =  -0.15155
     CDsurf  =   0.00025     Cnsurf  =   0.00331
     CDisurf =   0.00025     CDvsurf =   0.00000

  Forces referred to Ssurf, Cave about hinge axis thru LE
     CLsurf  =   0.18630     CDsurf  =   0.00173
     Deflect =

 Strip Forces referred to Strip Area, Chord
    j      Yle    Chord     Area     c cl      ai      cl_norm  cl       cd       cdv    cm_c/4    cm_LE  C.P.x/c
   101   2.4746   3.0000   3.0763   0.4363   0.0472   0.1454   0.1454   0.0024   0.0000  -0.0495  -0.0859    0.590
   102   3.4238   3.0000   3.0763   0.5747   0.0394   0.1916   0.1916   0.0026   0.0000  -0.0581  -0.1060    0.553
   103   4.3730   3.0000   3.0763   0.6428   0.0352   0.2143   0.2143   0.0024   0.0000  -0.0599  -0.1135    0.530
   104   5.3222   3.0000   3.0763   0.6776   0.0322   0.2259   0.2259   0.0022   0.0000  -0.0600  -0.1165    0.516
   105   6.2714   3.0000   3.0763   0.6930   0.0296   0.2310   0.2310   0.0020   0.0000  -0.0595  -0.1173    0.508
   106   7.2206   3.0000   3.0763   0.6971   0.0274   0.2323   0.2323   0.0019   0.0000  -0.0589  -0.1170    0.504
   107   8.1698   3.0000   3.0763   0.6946   0.0255   0.2315   0.2315   0.0018   0.0000  -0.0583  -0.1162    0.502
   108   9.1190   3.0000   3.0763   0.6893   0.0239   0.2298   0.2298   0.0018   0.0000  -0.0577  -0.1151    0.501
   109  10.0682   3.0000   3.0763   0.6837   0.0225   0.2279   0.2279   0.0018   0.0000  -0.0571  -0.1140    0.500
   110  11.0174   3.0000   3.0763   0.6798   0.0215   0.2266   0.2266   0.0017   0.0000  -0.0565  -0.1131    0.499
   111  11.9666   3.0000   3.0763   0.6797   0.0208   0.2266   0.2266   0.0016   0.0000  -0.0558  -0.1125    0.496
   112  12.9158   3.0000   3.0763   0.6850   0.0209   0.2283   0.2283   0.0015   0.0000  -0.0551  -0.1122    0.491
   113  13.8650   3.0000   3.0763   0.6969   0.0223   0.2323   0.2323   0.0012   0.0000  -0.0542  -0.1123    0.483
   114  14.8142   3.0000   3.0763   0.7132   0.0256   0.2377   0.2377   0.0009   0.0000  -0.0529  -0.1123    0.472
   115  15.7634   3.0000   3.0763   0.7238   0.0299   0.2413   0.2413   0.0005   0.0000  -0.0511  -0.1114    0.462
   116  16.7126   3.0000   3.0763   0.7082   0.0312   0.2361   0.2361   0.0004   0.0000  -0.0493  -0.1083    0.459
   117  17.6618   3.0000   3.0763   0.6561   0.0269   0.2187   0.2187   0.0007   0.0000  -0.0477  -0.1024    0.468
   118  18.6110   3.0000   3.0763   0.5821   0.0210   0.1940   0.1940   0.0011   0.0000  -0.0460  -0.0945    0.487
   119  19.5602   3.0000   3.0763   0.5032   0.0166   0.1677   0.1677   0.0015   0.0000  -0.0439  -0.0858    0.512
   120  20.5094   3.0000   3.0763   0.4266   0.0139   0.1422   0.1422   0.0018   0.0000  -0.0415  -0.0770    0.542
   121  21.4586   3.0000   3.0763   0.3541   0.0120   0.1180   0.1180   0.0020   0.0000  -0.0389  -0.0685    0.580
   122  22.4078   3.0000   3.0763   0.2859   0.0105   0.0953   0.0953   0.0022   0.0000  -0.0366  -0.0604    0.634
   123  23.3570   3.0000   3.0763   0.2219   0.0092   0.0740   0.0740   0.0024   0.0000  -0.0344  -0.0529    0.716
   124  24.3062   3.0000   3.0763   0.1625   0.0085   0.0542   0.0542   0.0025   0.0000  -0.0322  -0.0457    0.845
   125  25.2554   3.0000   3.0763   0.1050   0.0109   0.0350   0.0350   0.0023   0.0000  -0.0272  -0.0359    1.027

  Surface # 4     Strut (YDUP)                            
     # Chordwise =  7   # Spanwise = 25     First strip =126
     Surface area =   76.907906       Ave. chord =    3.000000
     CLsurf  =   0.02504     Clsurf  =   0.00300
     CYsurf  =   0.01024     Cmsurf  =  -0.15155
     CDsurf  =   0.00025     Cnsurf  =  -0.00331
     CDisurf =   0.00025     CDvsurf =   0.00000

  Forces referred to Ssurf, Cave about hinge axis thru LE
     CLsurf  =   0.18630     CDsurf  =   0.00173
     Deflect =

 Strip Forces referred to Strip Area, Chord
    j      Yle    Chord     Area     c cl      ai      cl_norm  cl       cd       cdv    cm_c/4    cm_LE  C.P.x/c
   126  -2.4746   3.0000   3.0763   0.4363   0.0472   0.1454   0.1454   0.0024   0.0000  -0.0495   0.0859    0.590
   127  -3.4238   3.0000   3.0763   0.5747   0.0394   0.1916   0.1916   0.0026   0.0000  -0.0581   0.1060    0.553
   128  -4.3730   3.0000   3.0763   0.6428   0.0352   0.2143   0.2143   0.0024   0.0000  -0.0599   0.1135    0.530
   129  -5.3222   3.0000   3.0763   0.6776   0.0322   0.2259   0.2259   0.0022   0.0000  -0.0600   0.1165    0.516
   130  -6.2714   3.0000   3.0763   0.6930   0.0296   0.2310   0.2310   0.0020   0.0000  -0.0595   0.1173    0.508
   131  -7.2206   3.0000   3.0763   0.6971   0.0274   0.2323   0.2323   0.0019   0.0000  -0.0589   0.1170    0.504
   132  -8.1698   3.0000   3.0763   0.6946   0.0255   0.2315   0.2315   0.0018   0.0000  -0.0583   0.1162    0.502
   133  -9.1190   3.0000   3.0763   0.6893   0.0239   0.2298   0.2298   0.0018   0.0000  -0.0577   0.1151    0.501
   134 -10.0682   3.0000   3.0763   0.6837   0.0225   0.2279   0.2279   0.0018   0.0000  -0.0571   0.1140    0.500
   135 -11.0174   3.0000   3.0763   0.6798   0.0215   0.2266   0.2266   0.0017   0.0000  -0.0565   0.1131    0.499
   136 -11.9666   3.0000   3.0763   0.6797   0.0208   0.2266   0.2266   0.0016   0.0000  -0.0558   0.1125    0.496
   137 -12.9158   3.0000   3.0763   0.6850   0.0209   0.2283   0.2283   0.0015   0.0000  -0.0551   0.1122    0.491
   138 -13.8650   3.0000   3.0763   0.6969   0.0223   0.2323   0.2323   0.0012   0.0000  -0.0542   0.1123    0.483
   139 -14.8142   3.0000   3.0763   0.7132   0.0256   0.2377   0.2377   0.0009   0.0000  -0.0529   0.1123    0.472
   140 -15.7634   3.0000   3.0763   0.7238   0.0299   0.2413   0.2413   0.0005   0.0000  -0.0511   0.1114    0.462
   141 -16.7126   3.0000   3.0763   0.7082   0.0312   0.2361   0.2361   0.0004   0.0000  -0.0493   0.1083    0.459
   142 -17.6618   3.0000   3.0763   0.6561   0.0269   0.2187   0.2187   0.0007   0.0000  -0.0477   0.1024    0.468
   143 -18.6110   3.0000   3.0763   0.5821   0.0210   0.1940   0.1940   0.0011   0.0000  -0.0460   0.0945    0.487
   144 -19.5602   3.0000   3.0763   0.5032   0.0166   0.1677   0.1677   0.0015   0.0000  -0.0439   0.0858    0.512
   145 -20.5094   3.0000   3.0763   0.4266   0.0139   0.1422   0.1422   0.0018   0.0000  -0.0415   0.0770    0.542
   146 -21.4586   3.0000   3.0763   0.3541   0.0120   0.1180   0.1180   0.0020   0.0000  -0.0389   0.0685    0.580
   147 -22.4078   3.0000   3.0763   0.2859   0.0105   0.0953   0.0953   0.0022   0.0000  -0.0366   0.0604    0.634
   148 -23.3570   3.0000   3.0763   0.2219   0.0092   0.0740   0.0740   0.0024   0.0000  -0.0344   0.0529    0.716
   149 -24.3062   3.0000   3.0763   0.1625   0.0085   0.0542   0.0542   0.0025   0.0000  -0.0322   0.0457    0.845
   150 -25.2554   3.0000   3.0763   0.1050   0.0109   0.0350   0.0350   0.0023   0.0000  -0.0272   0.0359    1.027
 ---------------------------------------------------------------
