 ---------------------------------------------------------------
 Surface and Strip Forces by surface

  Forces referred to Sref, Cref, Bref about Xref, Yref, Zref
 Standard axis orientation,  X fwd, Z down         

  Surface # 1     Wing                                    
     # Chordwise = 12   # Spanwise = 50     First strip =  1
     Surface area =  264.948608       Ave. chord =    5.145000
     CLsurf  =   0.22748     Clsurf  =  -0.04653
     CYsurf  =  -0.00769     Cmsurf  =  -1.36416
     CDsurf  =   0.00246     Cnsurf  =   0.00267
     CDisurf =   0.00246     CDvsurf =   0.00000

  Forces referred to Ssurf, Cave about hinge axis thru LE
     CLsurf  =   0.45504     CDsurf  =   0.00491
     Deflect =

 Strip Forces referred to Strip Area, Chord
    j      Yle    Chord     Area     c cl      ai      cl_norm  cl       cd       cdv    cm_c/4    cm_LE  C.P.x/c
     1   0.5146   7.3059   7.5245   3.2747   0.0201   0.4482   0.4482   0.0085   0.0000  -0.1304  -0.2424    0.541
     2   1.5440   7.2177   7.4337   3.2666   0.0187   0.4525   0.4525   0.0086   0.0000  -0.1310  -0.2441    0.540
     3   2.5733   7.1295   7.3429   3.2634   0.0190   0.4577   0.4577   0.0081   0.0000  -0.1313  -0.2456    0.537
     4   3.6026   7.0413   7.2520   3.2622   0.0200   0.4633   0.4633   0.0077   0.0000  -0.1314  -0.2472    0.534
     5   4.6319   6.9531   7.1612   3.2586   0.0209   0.4686   0.4686   0.0075   0.0000  -0.1316  -0.2487    0.531
     6   5.6611   6.8649   7.0703   3.2510   0.0215   0.4736   0.4736   0.0069   0.0000  -0.1319  -0.2503    0.529
     7   6.6904   6.7767   6.9795   3.2373   0.0218   0.4777   0.4777   0.0070   0.0000  -0.1323  -0.2517    0.527
     8   7.7197   6.6885   6.8887   3.2174   0.0219   0.4810   0.4810   0.0067   0.0000  -0.1327  -0.2529    0.526
     9   8.7491   6.6003   6.7978   3.1911   0.0216   0.4835   0.4835   0.0064   0.0000  -0.1331  -0.2539    0.525
    10   9.7783   6.5121   6.7070   3.1580   0.0211   0.4849   0.4849   0.0062   0.0000  -0.1335  -0.2547    0.525
    11  10.8076   6.4239   6.6161   3.1181   0.0201   0.4854   0.4854   0.0062   0.0000  -0.1339  -0.2552    0.526
    12  11.8370   6.3357   6.5253   3.0698   0.0183   0.4845   0.4845   0.0062   0.0000  -0.1344  -0.2555    0.527
    13  12.8663   6.2475   6.4345   3.0134   0.0150   0.4823   0.4823   0.0065   0.0000  -0.1354  -0.2559    0.531
    14  13.8956   6.1593   6.3436   2.9487   0.0095   0.4787   0.4787   0.0071   0.0000  -0.1375  -0.2572    0.537
    15  14.9248   6.0711   6.2528   2.8792   0.0026   0.4742   0.4742   0.0081   0.0000  -0.1415  -0.2600    0.548
    16  15.9542   5.9829   6.1619   2.8364   0.0002   0.4741   0.4741   0.0080   0.0000  -0.1422  -0.2607    0.550
    17  16.9834   5.8947   6.0711   2.8375   0.0046   0.4813   0.4813   0.0068   0.0000  -0.1389  -0.2591    0.538
    18  18.0128   5.8065   5.9803   2.8466   0.0096   0.4902   0.4902   0.0056   0.0000  -0.1378  -0.2603    0.531
    19  19.0420   5.7183   5.8894   2.8539   0.0121   0.4991   0.4991   0.0051   0.0000  -0.1386  -0.2633    0.528
    20  20.0714   5.6301   5.7986   2.8567   0.0125   0.5074   0.5074   0.0047   0.0000  -0.1402  -0.2670    0.526
    21  21.1006   5.5419   5.7077   2.8539   0.0119   0.5150   0.5150   0.0046   0.0000  -0.1422  -0.2709    0.526
    22  22.1300   5.4537   5.6169   2.8431   0.0106   0.5213   0.5213   0.0045   0.0000  -0.1445  -0.2748    0.527
    23  23.1592   5.3655   5.5261   2.8195   0.0084   0.5255   0.5255   0.0046   0.0000  -0.1468  -0.2781    0.529
    24  24.1886   5.2773   5.4352   2.7706   0.0020   0.5250   0.5250   0.0049   0.0000  -0.1482  -0.2794    0.532
    25  25.2178   5.1891   5.3444   2.6642  -0.0193   0.5134   0.5134   0.0046   0.0000  -0.1462  -0.2745    0.535
    26  26.2472   5.1009   5.2536   2.4683   0.0492   0.4839   0.4839   0.0036   0.0000  -0.1373  -0.2582    0.534
    27  27.2764   5.0127   5.1627   2.3745   0.0162   0.4737   0.4737   0.0033   0.0000  -0.1349  -0.2533    0.535
    28  28.3058   4.9245   5.0719   2.3129   0.0137   0.4697   0.4697   0.0031   0.0000  -0.1346  -0.2520    0.537
    29  29.3350   4.8363   4.9810   2.2565   0.0130   0.4666   0.4666   0.0030   0.0000  -0.1347  -0.2512    0.539
    30  30.3643   4.7481   4.8902   2.2000   0.0125   0.4633   0.4633   0.0029   0.0000  -0.1347  -0.2505    0.541
    31  31.3937   4.6599   4.7994   2.1424   0.0121   0.4597   0.4597   0.0028   0.0000  -0.1348  -0.2496    0.543
    32  32.4230   4.5717   4.7085   2.0834   0.0116   0.4557   0.4557   0.0026   0.0000  -0.1347  -0.2486    0.546
    33  33.4523   4.4835   4.6177   2.0230   0.0111   0.4512   0.4512   0.0025   0.0000  -0.1347  -0.2474    0.548
    34  34.4815   4.3953   4.5268   1.9618   0.0106   0.4463   0.4463   0.0022   0.0000  -0.1346  -0.2461    0.552
    35  35.5108   4.3071   4.4360   1.8994   0.0102   0.4410   0.4410   0.0021   0.0000  -0.1345  -0.2447    0.555
    36  36.5401   4.2189   4.3452   1.8357   0.0097   0.4351   0.4351   0.0021   0.0000  -0.1344  -0.2431    0.559
    37  37.5695   4.1307   4.2543   1.7715   0.0094   0.4289   0.4289   0.0021   0.0000  -0.1342  -0.2414    0.563
    38  38.5987   4.0425   4.1635   1.7065   0.0091   0.4221   0.4221   0.0017   0.0000  -0.1341  -0.2396    0.568
    39  39.6280   3.9543   4.0726   1.6399   0.0088   0.4147   0.4147   0.0018   0.0000  -0.1339  -0.2376    0.573
    40  40.6574   3.8661   3.9818   1.5726   0.0087   0.4068   0.4068   0.0018   0.0000  -0.1338  -0.2354    0.579
    41  41.6866   3.7779   3.8910   1.5037   0.0086   0.3980   0.3980   0.0015   0.0000  -0.1336  -0.2331    0.586
    42  42.7160   3.6897   3.8001   1.4335   0.0086   0.3885   0.3885   0.0018   0.0000  -0.1335  -0.2306    0.594
    43  43.7453   3.6015   3.7093   1.3606   0.0088   0.3778   0.3778   0.0017   0.0000  -0.1333  -0.2276    0.603
    44  44.7746   3.5133   3.6184   1.2855   0.0093   0.3659   0.3659   0.0020   0.0000  -0.1330  -0.2244    0.613
    45  45.8038   3.4251   3.5276   1.2064   0.0100   0.3522   0.3522   0.0020   0.0000  -0.1326  -0.2206    0.626
    46  46.8331   3.3369   3.4368   1.1212   0.0112   0.3360   0.3360   0.0017   0.0000  -0.1319  -0.2159    0.643
    47  47.8624   3.2487   3.3459   1.0285   0.0132   0.3166   0.3166   0.0023   0.0000  -0.1308  -0.2099    0.663
    48  48.8918   3.1605   3.2551   0.9208   0.0166   0.2914   0.2914   0.0023   0.0000  -0.1283  -0.2011    0.690
    49  49.9211   3.0723   3.1642   0.7852   0.0231   0.2556   0.2556   0.0026   0.0000  -0.1224  -0.1862    0.729
    50  50.9504   2.9841   3.0734   0.5771   0.0366   0.1934   0.1934   0.0024   0.0000  -0.1037  -0.1520    0.786

  Surface # 2     Wing (YDUP)                             
     # Chordwise = 12   # Spanwise = 50     First strip = 51
     Surface area =  264.948608       Ave. chord =    5.145000
     CLsurf  =   0.22748     Clsurf  =   0.04653
     CYsurf  =   0.00769     Cmsurf  =  -1.36416
     CDsurf  =   0.00246     Cnsurf  =  -0.00267
     CDisurf =   0.00246     CDvsurf =   0.00000

  Forces referred to Ssurf, Cave about hinge axis thru LE
     CLsurf  =   0.45504     CDsurf  =   0.00491
     Deflect =

 Strip Forces referred to Strip Area, Chord
    j      Yle    Chord     Area     c cl      ai      cl_norm  cl       cd       cdv    cm_c/4    cm_LE  C.P.x/c
    51  -0.5146   7.3059   7.5245   3.2747   0.0201   0.4482   0.4482   0.0085   0.0000  -0.1304   0.2424    0.541
    52  -1.5440   7.2177   7.4337   3.2666   0.0187   0.4525   0.4525   0.0086   0.0000  -0.1310   0.2441    0.540
    53  -2.5733   7.1295   7.3429   3.2634   0.0190   0.4577   0.4577   0.0081   0.0000  -0.1313   0.2456    0.537
    54  -3.6026   7.0413   7.2520   3.2622   0.0200   0.4633   0.4633   0.0077   0.0000  -0.1314   0.2472    0.534
    55  -4.6319   6.9531   7.1612   3.2586   0.0209   0.4686   0.4686   0.0075   0.0000  -0.1316   0.2487    0.531
    56  -5.6611   6.8649   7.0703   3.2510   0.0215   0.4736   0.4736   0.0069   0.0000  -0.1319   0.2503    0.529
    57  -6.6904   6.7767   6.9795   3.2373   0.0218   0.4777   0.4777   0.0070   0.0000  -0.1323   0.2517    0.527
    58  -7.7197   6.6885   6.8887   3.2174   0.0219   0.4810   0.4810   0.0067   0.0000  -0.1327   0.2529    0.526
    59  -8.7491   6.6003   6.7978   3.1911   0.0216   0.4835   0.4835   0.0064   0.0000  -0.1331   0.2539    0.525
    60  -9.7783   6.5121   6.7070   3.1580   0.0211   0.4849   0.4849   0.0062   0.0000  -0.1335   0.2547    0.525
    61 -10.8076   6.4239   6.6161   3.1181   0.0201   0.4854   0.4854   0.0062   0.0000  -0.1339   0.2552    0.526
    62 -11.8370   6.3357   6.5253   3.0698   0.0183   0.4845   0.4845   0.0062   0.0000  -0.1344   0.2555    0.527
    63 -12.8663   6.2475   6.4345   3.0134   0.0150   0.4823   0.4823   0.0065   0.0000  -0.1354   0.2559    0.531
    64 -13.8956   6.1593   6.3436   2.9487   0.0095   0.4787   0.4787   0.0071   0.0000  -0.1375   0.2572    0.537
    65 -14.9248   6.0711   6.2528   2.8792   0.0026   0.4742   0.4742   0.0081   0.0000  -0.1415   0.2600    0.548
    66 -15.9542   5.9829   6.1619   2.8364   0.0002   0.4741   0.4741   0.0080   0.0000  -0.1422   0.2607    0.550
    67 -16.9834   5.8947   6.0711   2.8375   0.0046   0.4813   0.4813   0.0068   0.0000  -0.1389   0.2591    0.538
    68 -18.0128   5.8065   5.9803   2.8466   0.0096   0.4902   0.4902   0.0056   0.0000  -0.1378   0.2603    0.531
    69 -19.0420   5.7183   5.8894   2.8539   0.0121   0.4991   0.4991   0.0051   0.0000  -0.1386   0.2633    0.528
    70 -20.0714   5.6301   5.7986   2.8567   0.0125   0.5074   0.5074   0.0047   0.0000  -0.1402   0.2670    0.526
    71 -21.1006   5.5419   5.7077   2.8539   0.0119   0.5150   0.5150   0.0046   0.0000  -0.1422   0.2709    0.526
    72 -22.1300   5.4537   5.6169   2.8431   0.0106   0.5213   0.5213   0.0045   0.0000  -0.1445   0.2748    0.527
    73 -23.1592   5.3655   5.5261   2.8195   0.0084   0.5255   0.5255   0.0046   0.0000  -0.1468   0.2781    0.529
    74 -24.1886   5.2773   5.4352   2.7706   0.0020   0.5250   0.5250   0.0049   0.0000  -0.1482   0.2794    0.532
    75 -25.2178   5.1891   5.3444   2.6642  -0.0193   0.5134   0.5134   0.0046   0.0000  -0.1462   0.2745    0.535
    76 -26.2472   5.1009   5.2536   2.4683   0.0492   0.4839   0.4839   0.0036   0.0000  -0.1373   0.2582    0.534
    77 -27.2764   5.0127   5.1627   2.3745   0.0162   0.4737   0.4737   0.0033   0.0000  -0.1349   0.2533    0.535
    78 -28.3058   4.9245   5.0719   2.3129   0.0137   0.4697   0.4697   0.0031   0.0000  -0.1346   0.2520    0.537
    79 -29.3350   4.8363   4.9810   2.2565   0.0130   0.4666   0.4666   0.0030   0.0000  -0.1347   0.2512    0.539
    80 -30.3643   4.7481   4.8902   2.2001   0.0125   0.4633   0.4633   0.0029   0.0000  -0.1347   0.2505    0.541
    81 -31.3937   4.6599   4.7994   2.1424   0.0121   0.4597   0.4597   0.0028   0.0000  -0.1348   0.2496    0.543
    82 -32.4230   4.5717   4.7085   2.0834   0.0116   0.4557   0.4557   0.0026   0.0000  -0.1347   0.2486    0.546
    83 -33.4523   4.4835   4.6177   2.0230   0.0111   0.4512   0.4512   0.0025   0.0000  -0.1347   0.2474    0.548
    84 -34.4815   4.3953   4.5268   1.9618   0.0106   0.4463   0.4463   0.0022   0.0000  -0.1346   0.2461    0.552
    85 -35.5108   4.3071   4.4360   1.8994   0.0102   0.4410   0.4410   0.0021   0.0000  -0.1345   0.2447    0.555
    86 -36.5401   4.2189   4.3452   1.8357   0.0097   0.4351   0.4351   0.0021   0.0000  -0.1344   0.2431    0.559
    87 -37.5695   4.1307   4.2543   1.7715   0.0094   0.4289   0.4289   0.0021   0.0000  -0.1342   0.2414    0.563
    88 -38.5987   4.0425   4.1635   1.7065   0.0091   0.4221   0.4221   0.0017   0.0000  -0.1341   0.2396    0.568
    89 -39.6280   3.9543   4.0726   1.6399   0.0088   0.4147   0.4147   0.0018   0.0000  -0.1339   0.2376    0.573
    90 -40.6574   3.8661   3.9818   1.5726   0.0087   0.4068   0.4068   0.0018   0.0000  -0.1338   0.2354    0.579
    91 -41.6866   3.7779   3.8910   1.5037   0.0086   0.3980   0.3980   0.0015   0.0000  -0.1336   0.2331    0.586
    92 -42.7160   3.6897   3.8001   1.4335   0.0086   0.3885   0.3885   0.0018   0.0000  -0.1335   0.2306    0.594
    93 -43.7453   3.6015   3.7093   1.3606   0.0088   0.3778   0.3778   0.0017   0.0000  -0.1333   0.2276    0.603
    94 -44.7746   3.5133   3.6184   1.2855   0.0093   0.3659   0.3659   0.0020   0.0000  -0.1330   0.2244    0.613
    95 -45.8038   3.4251   3.5276   1.2064   0.0100   0.3522   0.3522   0.0020   0.0000  -0.1326   0.2206    0.626
    96 -46.8331   3.3369   3.4368   1.1212   0.0112   0.3360   0.3360   0.0017   0.0000  -0.1319   0.2159    0.643
    97 -47.8624   3.2487   3.3459   1.0285   0.0132   0.3166   0.3166   0.0023   0.0000  -0.1308   0.2099    0.663
    98 -48.8918   3.1605   3.2551   0.9208   0.0166   0.2914   0.2914   0.0023   0.0000  -0.1283   0.2011    0.690
    99 -49.9211   3.0723   3.1642   0.7852   0.0231   0.2556   0.2556   0.0026   0.0000  -0.1224   0.1862    0.729
   100 -50.9504   2.9841   3.0734   0.5771   0.0366   0.1934   0.1934   0.0024   0.0000  -0.1037   0.1520    0.786

  Surface # 3     Strut                                   
     # Chordwise =  7   # Spanwise = 25     First strip =101
     Surface area =   76.907906       Ave. chord =    3.000000
     CLsurf  =  -0.00767     Clsurf  =   0.00152
     CYsurf  =   0.00313     Cmsurf  =   0.04632
     CDsurf  =  -0.00003     Cnsurf  =  -0.00100
     CDisurf =  -0.00003     CDvsurf =   0.00000

  Forces referred to Ssurf, Cave about hinge axis thru LE
     CLsurf  =  -0.05706     CDsurf  =  -0.00019
     Deflect =

 Strip Forces referred to Strip Area, Chord
    j      Yle    Chord     Area     c cl      ai      cl_norm  cl       cd       cdv    cm_c/4    cm_LE  C.P.x/c
   101   2.4746   3.0000   3.0763  -0.0117   0.0148  -0.0039  -0.0039  -0.0000   0.0000   0.0006   0.0015    0.393
   102   3.4238   3.0000   3.0763  -0.0150   0.0162  -0.0050  -0.0050  -0.0000   0.0000   0.0019   0.0032    0.631
   103   4.3730   3.0000   3.0763  -0.0197   0.0170  -0.0066  -0.0066  -0.0000   0.0000   0.0033   0.0049    0.747
   104   5.3222   3.0000   3.0763  -0.0284   0.0171  -0.0095  -0.0095  -0.0000   0.0000   0.0044   0.0068    0.717
   105   6.2714   3.0000   3.0763  -0.0408   0.0167  -0.0136  -0.0136  -0.0001   0.0000   0.0053   0.0087    0.641
   106   7.2206   3.0000   3.0763  -0.0557   0.0160  -0.0186  -0.0186  -0.0001   0.0000   0.0060   0.0107    0.575
   107   8.1698   3.0000   3.0763  -0.0714   0.0152  -0.0238  -0.0238  -0.0001   0.0000   0.0066   0.0126    0.528
   108   9.1190   3.0000   3.0763  -0.0863   0.0144  -0.0288  -0.0288  -0.0001   0.0000   0.0072   0.0144    0.499
   109  10.0682   3.0000   3.0763  -0.0992   0.0136  -0.0331  -0.0331  -0.0001   0.0000   0.0077   0.0159    0.482
   110  11.0174   3.0000   3.0763  -0.1086   0.0130  -0.0362  -0.0362  -0.0001   0.0000   0.0082   0.0172    0.476
   111  11.9666   3.0000   3.0763  -0.1132   0.0128  -0.0377  -0.0377  -0.0001   0.0000   0.0087   0.0182    0.482
   112  12.9158   3.0000   3.0763  -0.1115   0.0131  -0.0372  -0.0372  -0.0001   0.0000   0.0094   0.0187    0.503
   113  13.8650   3.0000   3.0763  -0.1027   0.0146  -0.0342  -0.0342  -0.0001   0.0000   0.0103   0.0188    0.550
   114  14.8142   3.0000   3.0763  -0.0888   0.0180  -0.0296  -0.0296  -0.0001   0.0000   0.0116   0.0190    0.640
   115  15.7634   3.0000   3.0763  -0.0795   0.0225  -0.0265  -0.0265  -0.0001   0.0000   0.0133   0.0199    0.750
   116  16.7126   3.0000   3.0763  -0.0946   0.0237  -0.0315  -0.0315  -0.0001   0.0000   0.0151   0.0230    0.728
   117  17.6618   3.0000   3.0763  -0.1438   0.0191  -0.0479  -0.0479  -0.0002   0.0000   0.0167   0.0287    0.599
   118  18.6110   3.0000   3.0763  -0.2127   0.0127  -0.0709  -0.0709  -0.0002   0.0000   0.0186   0.0363    0.512
   119  19.5602   3.0000   3.0763  -0.2843   0.0078  -0.0948  -0.0948  -0.0003   0.0000   0.0210   0.0446    0.471
   120  20.5094   3.0000   3.0763  -0.3506   0.0044  -0.1169  -0.1169  -0.0004   0.0000   0.0238   0.0530    0.453
   121  21.4586   3.0000   3.0763  -0.4082   0.0017  -0.1361  -0.1361  -0.0005   0.0000   0.0268   0.0609    0.447
   122  22.4078   3.0000   3.0763  -0.4529  -0.0010  -0.1510  -0.1510  -0.0005   0.0000   0.0299   0.0676    0.448
   123  23.3570   3.0000   3.0763  -0.4767  -0.0034  -0.1589  -0.1589  -0.0005   0.0000   0.0323   0.0720    0.453
   124  24.3062   3.0000   3.0763  -0.4608  -0.0043  -0.1536  -0.1536  -0.0005   0.0000   0.0328   0.0712    0.464
   125  25.2554   3.0000   3.0763  -0.3618  -0.0090  -0.1206  -0.1206  -0.0004   0.0000   0.0280   0.0582    0.483

  Surface # 4     Strut (YDUP)                            
     # Chordwise =  7   # Spanwise = 25     First strip =126
     Surface area =   76.907906       Ave. chord =    3.000000
     CLsurf  =  -0.00767     Clsurf  =  -0.00152
     CYsurf  =  -0.00313     Cmsurf  =   0.04632
     CDsurf  =  -0.00003     Cnsurf  =   0.00100
     CDisurf =  -0.00003     CDvsurf =   0.00000

  Forces referred to Ssurf, Cave about hinge axis thru LE
     CLsurf  =  -0.05706     CDsurf  =  -0.00019
     Deflect =

 Strip Forces referred to Strip Area, Chord
    j      Yle    Chord     Area     c cl      ai      cl_norm  cl       cd       cdv    cm_c/4    cm_LE  C.P.x/c
   126  -2.4746   3.0000   3.0763  -0.0117   0.0148  -0.0039  -0.0039  -0.0000   0.0000   0.0006  -0.0015    0.393
   127  -3.4238   3.0000   3.0763  -0.0150   0.0162  -0.0050  -0.0050  -0.0000   0.0000   0.0019  -0.0032    0.631
   128  -4.3730   3.0000   3.0763  -0.0197   0.0170  -0.0066  -0.0066  -0.0000   0.0000   0.0033  -0.0049    0.747
   129  -5.3222   3.0000   3.0763  -0.0284   0.0171  -0.0095  -0.0095  -0.0000   0.0000   0.0044  -0.0068    0.717
   130  -6.2714   3.0000   3.0763  -0.0408   0.0167  -0.0136  -0.0136  -0.0001   0.0000   0.0053  -0.0087    0.641
   131  -7.2206   3.0000   3.0763  -0.0557   0.0160  -0.0186  -0.0186  -0.0001   0.0000   0.0060  -0.0107    0.575
   132  -8.1698   3.0000   3.0763  -0.0714   0.0152  -0.0238  -0.0238  -0.0001   0.0000   0.0066  -0.0126    0.528
   133  -9.1190   3.0000   3.0763  -0.0863   0.0144  -0.0288  -0.0288  -0.0001   0.0000   0.0072  -0.0144    0.499
   134 -10.0682   3.0000   3.0763  -0.0992   0.0136  -0.0331  -0.0331  -0.0001   0.0000   0.0077  -0.0159    0.482
   135 -11.0174   3.0000   3.0763  -0.1086   0.0130  -0.0362  -0.0362  -0.0001   0.0000   0.0082  -0.0172    0.476
   136 -11.9666   3.0000   3.0763  -0.1132   0.0128  -0.0377  -0.0377  -0.0001   0.0000   0.0087  -0.0182    0.482
   137 -12.9158   3.0000   3.0763  -0.1115   0.0131  -0.0372  -0.0372  -0.0001   0.0000   0.0094  -0.0187    0.503
   138 -13.8650   3.0000   3.0763  -0.1027   0.0146  -0.0342  -0.0342  -0.0001   0.0000   0.0103  -0.0188    0.550
   139 -14.8142   3.0000   3.0763  -0.0888   0.0180  -0.0296  -0.0296  -0.0001   0.0000   0.0116  -0.0190    0.640
   140 -15.7634   3.0000   3.0763  -0.0795   0.0225  -0.0265  -0.0265  -0.0001   0.0000   0.0133  -0.0199    0.750
   141 -16.7126   3.0000   3.0763  -0.0946   0.0237  -0.0315  -0.0315  -0.0001   0.0000   0.0151  -0.0230    0.728
   142 -17.6618   3.0000   3.0763  -0.1438   0.0191  -0.0479  -0.0479  -0.0002   0.0000   0.0167  -0.0287    0.599
   143 -18.6110   3.0000   3.0763  -0.2127   0.0127  -0.0709  -0.0709  -0.0002   0.0000   0.0186  -0.0363    0.512
   144 -19.5602   3.0000   3.0763  -0.2843   0.0078  -0.0948  -0.0948  -0.0003   0.0000   0.0210  -0.0446    0.471
   145 -20.5094   3.0000   3.0763  -0.3506   0.0044  -0.1169  -0.1169  -0.0004   0.0000   0.0238  -0.0530    0.453
   146 -21.4586   3.0000   3.0763  -0.4082   0.0017  -0.1361  -0.1361  -0.0005   0.0000   0.0268  -0.0609    0.447
   147 -22.4078   3.0000   3.0763  -0.4529  -0.0010  -0.1510  -0.1510  -0.0005   0.0000   0.0299  -0.0676    0.448
   148 -23.3570   3.0000   3.0763  -0.4767  -0.0034  -0.1589  -0.1589  -0.0005   0.0000   0.0323  -0.0720    0.453
   149 -24.3062   3.0000   3.0763  -0.4608  -0.0043  -0.1536  -0.1536  -0.0005   0.0000   0.0328  -0.0712    0.464
   150 -25.2554   3.0000   3.0763  -0.3618  -0.0090  -0.1206  -0.1206  -0.0004   0.0000   0.0280  -0.0582    0.483
 ---------------------------------------------------------------
